MATCH_LEVEL,MATCH_TYPE,CRB_NO,CRB_CLIENT_NAME,CRB_TOTAL_AMOUNT,CRB_SI_NO,CRB_DATE,SAASANT_REFERENCE_NO,SAASANT_CUSTOMER,SAASANT_TOTAL,SAASANT_QB_INVOICE_ID,SAASANT_QbId,SAASANT_Ref No (Payment No),SAASANT_Payment Date,SAASANT_Customer,SAASANT_Payment method,SAASANT_Deposit To Account Name,SAASANT_Invoice No,SAASANT_Journal No,SAASANT_QB Journal Id,SAASANT_QB Invoice Id,SAASANT_QB Credit Memo Id,SAASANT_Credit Memo No,SAASANT_Amount,SAASANT_Total,SAASANT_Reference No,SAASANT_Memo,SAASANT_Currency Code,SAASANT_Exchange Rate
1,Reference No,1759,BACOLOD CHICKEN INASAL,700.0,371014.0,2024-05-17,1759,"POLARPLUS, INC.",600.0,165110,149882,,2024-05-13,"POLARPLUS, INC.",Cash,Cash and cash equivalents:Cash on Hand,00537,,,165110.0,,,600.0,600.0,1759,,PHP,
1,Reference No,1786,EST NAMNAM INC,2200.0,,2024-05-21,1786,AQUA SPLASH WATER REFILLING STATION,350.0,164995,149893,,2024-05-14,AQUA SPLASH WATER REFILLING STATION,Cash,Cash and cash equivalents:Cash on Hand,00013,,,164995.0,,,350.0,350.0,1786,,PHP,
1,Reference No,1692,ALFAMETRO MARKETING INC,157927.0,511.0,2024-05-02,1692,OPTIMIST WATER REFILLING STATION,5200.0,165084,165784,,2024-05-06,OPTIMIST WATER REFILLING STATION,Cash,Cash and cash equivalents:Cash on Hand:Cash on Hand - Naga,00511,,,165084.0,,,5200.0,5200.0,1692,,PHP,
1,Reference No,1700,BATAAN KIDNEY AND DIALYSIS CENTER,1470.0,368072.0,2024-05-13,1700,CAMSUR CANNING CORP,3500.0,165037,165800,,2024-05-07,CAMSUR CANNING CORP,Cash,Cash and cash equivalents:Cash on Hand:Cash on Hand - Naga,00464,,,165037.0,,,3500.0,3500.0,1700,,PHP,
1,Reference No,1855,CHUNG SY INSEPTUM INC,3000.0,361953.0,2024-05-02,1855,"KAREILA MANAGEMENT CORP. (S & R, NAGA)",2400.0,165165,172251,,2024-05-20,"KAREILA MANAGEMENT CORP. (S & R, NAGA)",Cash,Cash and cash equivalents:Cash on Hand,00593,,,165165.0,,,2400.0,2400.0,1855,,PHP,
1,Reference No,1867,DOMINOS PIZZA CITY CENTER TARLAC,900.0,370360.0,2024-05-16,1867,AQUASTAR BY NAGA AALJINGWATER REFILLING STATION,600.0,,172263,,2024-05-20,AQUASTAR BY NAGA AALJINGWATER REFILLING STATION,Cash,Cash and cash equivalents:Cash on Hand,,,,,,,600.0,600.0,1867,,PHP,
1,Reference No,1428,"THE PERFECT BEAUTY VENTURES, INC.",600.0,371995.0,2024-05-30,1428,"THE PERFECT BEAUTY VENTURES, INC.",600.0,318616,335430,,2024-05-30,"THE PERFECT BEAUTY VENTURES, INC.",Cash,Cash and cash equivalents:Cash on Hand:Cash on Hand - Main,371995,,,318616.0,,,600.0,600.0,1428,,PHP,
1,Reference No,1427,MR. UBE RICE & NOODLE HOUSE,600.0,371998.0,2024-05-30,1427,MR. UBE RICE & NOODLE HOUSE,600.0,318618,335429,,2024-05-30,MR. UBE RICE & NOODLE HOUSE,Cash,Cash and cash equivalents:Cash on Hand:Cash on Hand - Main,371998,,,318618.0,,,600.0,600.0,1427,,PHP,
1,Reference No,1431,DECTA PACIFIC EQUITIES,600.0,371952.0,2024-05-30,1431,DECTA PACIFIC EQUITIES,600.0,318579,335433,,2024-05-30,DECTA PACIFIC EQUITIES,Cash,Cash and cash equivalents:Cash on Hand:Cash on Hand - Main,371952,,,318579.0,,,600.0,600.0,1431,,PHP,
1,Reference No,1430,KFC FOOD CORP.  SW ORTIGAS,500.0,372000.0,2024-05-30,1430,KFC FOOD CORP.  SW ORTIGAS,500.0,320414,335432,,2024-05-30,KFC FOOD CORP.  SW ORTIGAS,Cash,Cash and cash equivalents:Cash on Hand:Cash on Hand - Main,372000,,,320414.0,,,500.0,500.0,1430,,PHP,
1,Reference No,1429,MESA  MODERN RESTAURANT,600.0,372012.0,2024-05-30,1429,MESA  MODERN RESTAURANT,600.0,320446,335431,,2024-05-30,MESA  MODERN RESTAURANT,Cash,Cash and cash equivalents:Cash on Hand:Cash on Hand - Main,372012,,,320446.0,,,550.0,600.0,1429,,PHP,
1,Reference No,2776,THE AMARYLLIS CONDOMINIUM CORPORATIION,4200.0,360555.0,2024-05-31,2776,THE AMARYLLIS CONDOMINIUM CORPORATIION,4200.0,305129,335483,,2024-05-31,THE AMARYLLIS CONDOMINIUM CORPORATIION,Cash,Cash and cash equivalents:Cash on Hand:Cash on Hand - Main,360555,,,305129.0,,,4200.0,4200.0,2776,,PHP,
1,Reference No,2775,SATORI RESIDENCES CONDOMINIUM CORPORATION,550.0,367602.0,2024-05-31,2775,SATORI RESIDENCES CONDOMINIUM CORPORATION,550.0,315359,335482,,2024-05-31,SATORI RESIDENCES CONDOMINIUM CORPORATION,Cash,Cash and cash equivalents:Cash on Hand:Cash on Hand - Main,367602,,,315359.0,,,550.0,550.0,2775,,PHP,
1,Reference No,2450,ROBINSON'S SUPERMARKET CORPORATION,750.0,372984.0,2024-05-29,2450,ROBINSON'S SUPERMARKET CORPORATION,750.0,320525,335481,,2024-05-29,ROBINSON'S SUPERMARKET CORPORATION,Cash,Cash and cash equivalents:Cash on Hand:Cash on Hand - Main,372984,,,320525.0,,,550.0,750.0,2450,,PHP,
1,Reference No,2783,GOLDEN PAN DE SAL INC,3660.0,361120.0,2024-05-31,2783,GOLDEN PAN DE SAL INC,3660.0,307692,335487,,2024-05-31,GOLDEN PAN DE SAL INC,Cash,BANK RECONCILIATION (Dummy Account):CIB BPI MAIN (1105_Dummy),361120,,,307692.0,,,1650.0,3660.0,2783,,PHP,
1,Reference No,2782,PAN DE MANILA FOOD CO. INC,24350.0,361118.0,2024-05-31,2782,PAN DE MANILA FOOD CO INC,24350.0,307681,335486,,2024-05-31,PAN DE MANILA FOOD CO INC,Cash,Cash and cash equivalents:Cash on Hand:Cash on Hand - Main,361118,,,307681.0,,,900.0,24350.0,2782,,PHP,
1,Reference No,2780,MAYFIELD PARK RESIDENCES CONDOMINIUM CORPORATION,13600.0,369720.0,2024-05-31,2780,MAYFIELD PARK RESIDENCES CONDOMINIUM CORPORATION,13600.0,318168,335484,,2024-05-31,MAYFIELD PARK RESIDENCES CONDOMINIUM CORPORATION,Cash,Cash and cash equivalents:Cash on Hand:Cash on Hand - Main,369720,,,318168.0,,,500.0,13600.0,2780,,PHP,
1,Reference No,3040,JUMRIE WRS,550.0,373417.0,2024-05-29,3040,JUMRIE WRS,400.0,320916,335503,,2024-05-29,JUMRIE WRS,Cash,Cash and cash equivalents:Cash on Hand:Cash on Hand - Main,373417,,,320916.0,,,400.0,400.0,3040,,PHP,
1,Reference No,3145,JM WATER STATION,700.0,374233.0,2024-05-29,3145,JM WATER STATION,400.0,321530,335516,,2024-05-29,JM WATER STATION,Cash,Cash and cash equivalents:Cash on Hand:Cash on Hand - Main,374233,,,321530.0,,,400.0,400.0,3145,,PHP,
1,Reference No,3144,TRIPLE A,700.0,374232.0,2024-05-29,3144,TRIPLE A,400.0,321529,335515,,2024-05-29,TRIPLE A,Cash,Cash and cash equivalents:Cash on Hand:Cash on Hand - Main,374232,,,321529.0,,,400.0,400.0,3144,,PHP,
1,Reference No,3143,BALAI AZINAN,700.0,374231.0,2024-05-29,3143,BALAI AZINAN,400.0,321521,335514,,2024-05-29,BALAI AZINAN,Cash,Cash and cash equivalents:Cash on Hand:Cash on Hand - Main,374231,,,321521.0,,,400.0,400.0,3143,,PHP,
1,Reference No,3142,AQUA CALATRAVA,700.0,374230.0,2024-05-29,3142,AQUA CALATRAVA,400.0,321519,335513,,2024-05-29,AQUA CALATRAVA,Cash,Cash and cash equivalents:Cash on Hand:Cash on Hand - Main,374230,,,321519.0,,,400.0,400.0,3142,,PHP,
1,Reference No,3147,AQUA LARIYAH WATER STATION,700.0,374235.0,2024-05-29,3147,AQUA LARIYAH WATER STATION,400.0,321532,335518,,2024-05-29,AQUA LARIYAH WATER STATION,Cash,Cash and cash equivalents:Cash on Hand:Cash on Hand - Main,374235,,,321532.0,,,400.0,400.0,3147,,PHP,
1,Reference No,3146,5 BROTHERS,700.0,374234.0,2024-05-29,3146,5 BROTHERS,400.0,321531,335517,,2024-05-29,5 BROTHERS,Cash,Cash and cash equivalents:Cash on Hand:Cash on Hand - Main,374234,,,321531.0,,,400.0,400.0,3146,,PHP,
1,Reference No,3150,LA CREW GASTRO HUB L-3,4700.0,374238.0,2024-05-29,3150,LA CREW GASTRO HUB L-3,2400.0,321535,335521,,2024-05-29,LA CREW GASTRO HUB L-3,Cash,Cash and cash equivalents:Cash on Hand:Cash on Hand - Main,374238,,,321535.0,,,2400.0,2400.0,3150,,PHP,
1,Reference No,3149,AQUA CARE REFILLING STATION,4700.0,374237.0,2024-05-29,3149,AQUA CARE REFILLING STATION,2400.0,321534,335520,,2024-05-29,AQUA CARE REFILLING STATION,Cash,Cash and cash equivalents:Cash on Hand:Cash on Hand - Main,374237,,,321534.0,,,2400.0,2400.0,3149,,PHP,
1,Reference No,3148,SRA,700.0,374236.0,2024-05-29,3148,SRA,400.0,321533,335519,,2024-05-29,SRA,Cash,Cash and cash equivalents:Cash on Hand:Cash on Hand - Main,374236,,,321533.0,,,400.0,400.0,3148,,PHP,
1,Reference No,3199,SAN PEDRO MEMORIAL PARK INC.,500.0,373458.0,2024-05-31,3199,SAN PEDRO MEMORIAL PARK INC.,500.0,318878,335539,,2024-05-31,SAN PEDRO MEMORIAL PARK INC.,Cash,Cash and cash equivalents:Cash on Hand:Cash on Hand - Main,373458,,,318878.0,,,500.0,500.0,3199,,PHP,
1,Reference No,3836,ESPINOSA AQUAPOINT WRS,4700.0,374594.0,2024-05-29,3836,ESPINOSA AQUAPOINT WRS,2400.0,321917,335609,,2024-05-29,ESPINOSA AQUAPOINT WRS,Cash,Cash and cash equivalents:Cash on Hand:Cash on Hand - Main,374594,,,321917.0,,,2400.0,2400.0,3836,,PHP,
1,Reference No,4035,YANNEYES WRS,700.0,374214.0,2024-05-29,4035,YANNEYES WRS,400.0,321500,335639,,2024-05-29,YANNEYES WRS,Cash,Cash and cash equivalents:Cash on Hand:Cash on Hand - Main,374214,,,321500.0,,,400.0,400.0,4035,,PHP,
1,Reference No,4034,DEBIE C CRUZ LEV 1,700.0,374213.0,2024-05-29,4034,DEBIE C CRUZ LEV 1,400.0,321499,335638,,2024-05-29,DEBIE C CRUZ LEV 1,Cash,Cash and cash equivalents:Cash on Hand:Cash on Hand - Main,374213,,,321499.0,,,400.0,400.0,4034,,PHP,
1,Reference No,4033,AQUABEST DAPAWAN,700.0,374212.0,2024-05-29,4033,AQUABEST DAPAWAN,400.0,321498,335637,,2024-05-29,AQUABEST DAPAWAN,Cash,Cash and cash equivalents:Cash on Hand:Cash on Hand - Main,374212,,,321498.0,,,400.0,400.0,4033,,PHP,
1,Reference No,4038,AQUA FY WRS,700.0,374217.0,2024-05-29,4038,AQUA FY WRS,400.0,321503,335652,,2024-05-29,AQUA FY WRS,Cash,Cash and cash equivalents:Cash on Hand:Cash on Hand - Main,374217,,,321503.0,,,400.0,400.0,4038,,PHP,
1,Reference No,4037,WATER GENIE TUBURAN,700.0,374216.0,2024-05-29,4037,WATER GENIE TUBURAN,400.0,321502,335651,,2024-05-29,WATER GENIE TUBURAN,Cash,Cash and cash equivalents:Cash on Hand:Cash on Hand - Main,374216,,,321502.0,,,400.0,400.0,4037,,PHP,
1,Reference No,4036,PSHS - MRC,700.0,374215.0,2024-05-29,4036,PSHS - MRC,400.0,321501,335650,,2024-05-29,PSHS - MRC,Cash,Cash and cash equivalents:Cash on Hand:Cash on Hand - Main,374215,,,321501.0,,,400.0,400.0,4036,,PHP,
1,Reference No,4044,AQUA DE TABLAS,700.0,374223.0,2024-05-29,4044,AQUA DE TABLAS,400.0,321510,335658,,2024-05-29,AQUA DE TABLAS,Cash,Cash and cash equivalents:Cash on Hand:Cash on Hand - Main,374223,,,321510.0,,,400.0,400.0,4044,,PHP,
1,Reference No,4043,IRISH WRS MINERAL,700.0,374222.0,2024-05-29,4043,IRISH WRS MINERAL,400.0,321509,335657,,2024-05-29,IRISH WRS MINERAL,Cash,Cash and cash equivalents:Cash on Hand:Cash on Hand - Main,374222,,,321509.0,,,400.0,400.0,4043,,PHP,
1,Reference No,4042,BGY DOÑA TRINIDAD LEV 3,700.0,374221.0,2024-05-29,4042,BGY DOÑA TRINIDAD LEV 3,400.0,321507,335656,,2024-05-29,BGY DOÑA TRINIDAD LEV 3,Cash,Cash and cash equivalents:Cash on Hand:Cash on Hand - Main,374221,,,321507.0,,,400.0,400.0,4042,,PHP,
1,Reference No,4041,AQUA DOHA WRS,700.0,374220.0,2024-05-29,4041,AQUA DOHA WRS,400.0,321506,335655,,2024-05-29,AQUA DOHA WRS,Cash,Cash and cash equivalents:Cash on Hand:Cash on Hand - Main,374220,,,321506.0,,,400.0,400.0,4041,,PHP,
1,Reference No,4040,TICAH WRS,700.0,374219.0,2024-05-29,4040,TICAH WRS,400.0,321505,335654,,2024-05-29,TICAH WRS,Cash,Cash and cash equivalents:Cash on Hand:Cash on Hand - Main,374219,,,321505.0,,,400.0,400.0,4040,,PHP,
1,Reference No,4039,AQUAMARYANE WATER STATION,700.0,374218.0,2024-05-29,4039,AQUAMARYANE WATER STATION,400.0,321504,335653,,2024-05-29,AQUAMARYANE WATER STATION,Cash,Cash and cash equivalents:Cash on Hand:Cash on Hand - Main,374218,,,321504.0,,,400.0,400.0,4039,,PHP,
1,Reference No,4045,HADASA JEL WRS,700.0,374224.0,2024-05-29,4045,HADASA JEL WRS,400.0,321511,335659,,2024-05-29,HADASA JEL WRS,Cash,Cash and cash equivalents:Cash on Hand:Cash on Hand - Main,374224,,,321511.0,,,400.0,400.0,4045,,PHP,
1,Reference No,4049,KEVIN CLEAN WRS,700.0,374228.0,2024-05-29,4049,KEVIN CLEAN WRS,400.0,321515,335673,,2024-05-29,KEVIN CLEAN WRS,Cash,Cash and cash equivalents:Cash on Hand:Cash on Hand - Main,374228,,,321515.0,,,400.0,400.0,4049,,PHP,
1,Reference No,4048,LINAWAN WRS,700.0,374227.0,2024-05-29,4048,LINAWAN WRS,400.0,321514,335672,,2024-05-29,LINAWAN WRS,Cash,Cash and cash equivalents:Cash on Hand:Cash on Hand - Main,374227,,,321514.0,,,400.0,400.0,4048,,PHP,
1,Reference No,4047,TALAMISAN WRS,700.0,374226.0,2024-05-29,4047,TALAMISAN WRS,400.0,321513,335671,,2024-05-29,TALAMISAN WRS,Cash,Cash and cash equivalents:Cash on Hand:Cash on Hand - Main,374226,,,321513.0,,,400.0,400.0,4047,,PHP,
1,Reference No,4046,PAG-AVAD WRS,700.0,374225.0,2024-05-29,4046,PAG-AVAD WRS,400.0,321512,335670,,2024-05-29,PAG-AVAD WRS,Cash,Cash and cash equivalents:Cash on Hand:Cash on Hand - Main,374225,,,321512.0,,,400.0,400.0,4046,,PHP,
1,Reference No,4050,ROVILLOS WATER VAULT,700.0,374229.0,2024-05-29,4050,ROVILLOS WATER VAULT,400.0,321517,335674,,2024-05-29,ROVILLOS WATER VAULT,Cash,Cash and cash equivalents:Cash on Hand:Cash on Hand - Main,374229,,,321517.0,,,400.0,400.0,4050,,PHP,
1,Reference No,4335,SABLAYAN WRS,700.0,374141.0,2024-05-29,4335,SABLAYAN WRS,400.0,319165,335736,,2024-05-29,SABLAYAN WRS,Cash,Cash and cash equivalents:Cash on Hand:Cash on Hand - Main,374141,,,319165.0,,,400.0,400.0,4335,,PHP,
1,Reference No,4334,EASTERN WRS,700.0,374140.0,2024-05-29,4334,EASTERN WRS,400.0,319164,335734,,2024-05-29,EASTERN WRS,Cash,Cash and cash equivalents:Cash on Hand:Cash on Hand - Main,374140,,,319164.0,,,400.0,400.0,4334,,PHP,
1,Reference No,4333,AQUA SOFHIA,700.0,374139.0,2024-05-29,4333,AQUA SOFHIA,400.0,319163,335733,,2024-05-29,AQUA SOFHIA,Cash,Cash and cash equivalents:Cash on Hand:Cash on Hand - Main,374139,,,319163.0,,,400.0,400.0,4333,,PHP,
1,Reference No,4332,NOELA WRS,700.0,374138.0,2024-05-29,4332,NOELA WRS,400.0,319162,335731,,2024-05-29,NOELA WRS,Cash,Cash and cash equivalents:Cash on Hand:Cash on Hand - Main,374138,,,319162.0,,,400.0,400.0,4332,,PHP,
1,Reference No,4339,SAMAHAN NG MANGINGISDA NG AGRIPA ROMBLON,4700.0,374159.0,2024-05-29,4339,SAMAHAN NG MANGINGISDA NG AGRIPA ROMBLON,2400.0,319182,335744,,2024-05-29,SAMAHAN NG MANGINGISDA NG AGRIPA ROMBLON,Cash,Cash and cash equivalents:Cash on Hand:Cash on Hand - Main,374159,,,319182.0,,,2400.0,2400.0,4339,,PHP,
1,Reference No,4338,LIM-PYO PDW,700.0,374144.0,2024-05-29,4338,LIM-PYO PDW,400.0,319168,335742,,2024-05-29,LIM-PYO PDW,Cash,Cash and cash equivalents:Cash on Hand:Cash on Hand - Main,374144,,,319168.0,,,400.0,400.0,4338,,PHP,
1,Reference No,4337,ABBY'S AQUA DROP,700.0,374143.0,2024-05-29,4337,ABBY'S AQUA DROP,400.0,319167,335740,,2024-05-29,ABBY'S AQUA DROP,Cash,Cash and cash equivalents:Cash on Hand:Cash on Hand - Main,374143,,,319167.0,,,400.0,400.0,4337,,PHP,
1,Reference No,4336,MOLINIS WRS,700.0,374142.0,2024-05-29,4336,MOLINIS WRS,400.0,319166,335738,,2024-05-29,MOLINIS WRS,Cash,Cash and cash equivalents:Cash on Hand:Cash on Hand - Main,374142,,,319166.0,,,400.0,400.0,4336,,PHP,
1,Reference No,4340,ULTRAPURE WRS,700.0,374145.0,2024-05-29,4340,ULTRAPURE WRS,400.0,319169,335746,,2024-05-29,ULTRAPURE WRS,Cash,Cash and cash equivalents:Cash on Hand:Cash on Hand - Main,374145,,,319169.0,,,400.0,400.0,4340,,PHP,
1,Reference No,4346,TRESTY WRS,700.0,374153.0,2024-05-29,4346,TRESTY WRS,400.0,319176,335755,,2024-05-29,TRESTY WRS,Cash,Cash and cash equivalents:Cash on Hand:Cash on Hand - Main,374153,,,319176.0,,,400.0,400.0,4346,,PHP,
1,Reference No,4345,RORO'S TUBIGAN,700.0,374150.0,2024-05-29,4345,RORO'S TUBIGAN,400.0,319174,335754,,2024-05-29,RORO'S TUBIGAN,Cash,Cash and cash equivalents:Cash on Hand:Cash on Hand - Main,374150,,,319174.0,,,400.0,400.0,4345,,PHP,
1,Reference No,4344,FALLARIA WRS,700.0,374149.0,2024-05-29,4344,FALLARIA WRS,400.0,319173,335753,,2024-05-29,FALLARIA WRS,Cash,Cash and cash equivalents:Cash on Hand:Cash on Hand - Main,374149,,,319173.0,,,400.0,400.0,4344,,PHP,
1,Reference No,4343,AQUA ILAYA WRS,700.0,374148.0,2024-05-29,4343,AQUA ILAYA WRS,400.0,319172,335752,,2024-05-29,AQUA ILAYA WRS,Cash,Cash and cash equivalents:Cash on Hand:Cash on Hand - Main,374148,,,319172.0,,,400.0,400.0,4343,,PHP,
1,Reference No,4342,PATRIA MORAL ALKALINE WATER STATION,700.0,374147.0,2024-05-29,4342,PATRIA MORAL ALKALINE WATER STATION,400.0,319171,335751,,2024-05-29,PATRIA MORAL ALKALINE WATER STATION,Cash,Cash and cash equivalents:Cash on Hand:Cash on Hand - Main,374147,,,319171.0,,,400.0,400.0,4342,,PHP,
1,Reference No,4341,ZESTY AQUAREAL REFILLING STATION,700.0,374146.0,2024-05-29,4341,ZESTY AQUAREAL REFILLING STATION,400.0,319170,335750,,2024-05-29,ZESTY AQUAREAL REFILLING STATION,Cash,Cash and cash equivalents:Cash on Hand:Cash on Hand - Main,374146,,,319170.0,,,400.0,400.0,4341,,PHP,
1,Reference No,4350,BLGU - COBRADOR WATER,700.0,374156.0,2024-05-29,4350,BLGU - COBRADOR WATER,400.0,319179,335759,,2024-05-29,BLGU - COBRADOR WATER,Cash,Cash and cash equivalents:Cash on Hand:Cash on Hand - Main,374156,,,319179.0,,,400.0,400.0,4350,,PHP,
1,Reference No,4349,AQUA LHAMBRE,700.0,374155.0,2024-05-29,4349,AQUA LHAMBRE,400.0,319178,335758,,2024-05-29,AQUA LHAMBRE,Cash,Cash and cash equivalents:Cash on Hand:Cash on Hand - Main,374155,,,319178.0,,,400.0,400.0,4349,,PHP,
1,Reference No,4348,AQUA YURI WRS,700.0,374154.0,2024-05-29,4348,AQUA YURI WRS,400.0,319177,335757,,2024-05-29,AQUA YURI WRS,Cash,Cash and cash equivalents:Cash on Hand:Cash on Hand - Main,374154,,,319177.0,,,400.0,400.0,4348,,PHP,
1,Reference No,4347,ZAIDA SPRING REFILLING STATION,700.0,374152.0,2024-05-29,4347,ZAIDA SPRING REFILLING STATION,400.0,319175,335756,,2024-05-29,ZAIDA SPRING REFILLING STATION,Cash,Cash and cash equivalents:Cash on Hand:Cash on Hand - Main,374152,,,319175.0,,,400.0,400.0,4347,,PHP,
1,Reference No,4352,ROYAL CARGO INC,700.0,370674.0,2024-05-29,4352,ROYAL CARGO INC,700.0,318282,335768,,2024-05-29,ROYAL CARGO INC,Cash,Cash and cash equivalents:Cash on Hand:Cash on Hand - Main,370674,,,318282.0,,,700.0,700.0,4352,,PHP,
1,Reference No,4457,AQUA PURE WRS,700.0,374391.0,2024-05-29,4457,AQUA PURE WRS,700.0,321732,335774,,2024-05-29,AQUA PURE WRS,Cash,Cash and cash equivalents:Cash on Hand:Cash on Hand - Main,374391,,,321732.0,,,400.0,700.0,4457,,PHP,
1,Reference No,4356,CRYSTAL CLEAR,550.0,372217.0,2024-05-30,4356,CRYSTAL CLEAR,550.0,,335773,,2024-05-30,Crystal Clear,Cash,Cash and cash equivalents:Cash on Hand:Cash on Hand - Main,,,,,,,550.0,550.0,4356,,PHP,
1,Reference No,4354,CENTENNIAL WATER RESOURCES VENTURE CORP,2000.0,373614.0,2024-05-29,4354,CENTENNIAL WATER RESOURCES VENTURE CORP,1960.0,320983,335772,,2024-05-29,CENTENNIAL WATER RESOURCES VENTURE CORP,Cash,Cash and cash equivalents:Cash on Hand:Cash on Hand - Main,373614,,,320983.0,,,1960.0,1960.0,4354,,PHP,
1,Reference No,4353,3G'S WATER REFILLING STATION,400.0,373616.0,2024-05-29,4353,3G'S WATER REFILLING STATION,400.0,320987,335770,,2024-05-29,3G's Water Refilling Station,Cash,Cash and cash equivalents:Cash on Hand:Cash on Hand - Main,373616,,,320987.0,,,400.0,400.0,4353,,PHP,
1,Reference No,4462,IC WRS,700.0,374396.0,2024-05-29,4462,IC WRS,400.0,321738,335779,,2024-05-29,IC WRS,Cash,Cash and cash equivalents:Cash on Hand:Cash on Hand - Main,374396,,,321738.0,,,400.0,400.0,4462,,PHP,
1,Reference No,4461,MONIC WRS L-3,700.0,374395.0,2024-05-29,4461,MONIC WRS L-3,700.0,321737,335778,,2024-05-29,MONIC WRS L-3,Cash,Cash and cash equivalents:Cash on Hand:Cash on Hand - Main,374395,,,321737.0,,,400.0,700.0,4461,,PHP,
1,Reference No,4460,AQUA DUBAI,700.0,374394.0,2024-05-29,4460,AQUA DUBAI,700.0,321736,335777,,2024-05-29,AQUA DUBAI,Cash,Cash and cash equivalents:Cash on Hand:Cash on Hand - Main,374394,,,321736.0,,,400.0,700.0,4460,,PHP,
1,Reference No,4459,AQUA PROGRESO PDW,700.0,374393.0,2024-05-29,4459,AQUA PROGRESO PDW,700.0,321735,335776,,2024-05-29,AQUA PROGRESO PDW,Cash,Cash and cash equivalents:Cash on Hand:Cash on Hand - Main,374393,,,321735.0,,,400.0,700.0,4459,,PHP,
1,Reference No,4458,MR. JOVIC BARADAS L-3,700.0,374392.0,2024-05-29,4458,MR. JOVIC BARADAS L-3,700.0,321734,335775,,2024-05-29,MR. JOVIC BARADAS L-3,Cash,Cash and cash equivalents:Cash on Hand:Cash on Hand - Main,374392,,,321734.0,,,400.0,700.0,4458,,PHP,
1,Reference No,4463,MUNICIPAL GOVERNMENT OF ODIONGAN L-3,700.0,374397.0,2024-05-29,4463,MUNICIPAL GOVERNMENT OF ODIONGAN L-3,400.0,321739,335780,,2024-05-29,MUNICIPAL GOVERNMENT OF ODIONGAN L-3,Cash,Cash and cash equivalents:Cash on Hand:Cash on Hand - Main,374397,,,321739.0,,,400.0,400.0,4463,,PHP,
1,Reference No,4468,MRS. ADORACION MANES LVL 1 JETMATIC,700.0,374460.0,2024-05-29,4468,MRS. ADORACION MANES LVL 1 JETMATIC,700.0,321835,335785,,2024-05-29,MRS. ADORACION MANES LVL 1 JETMATIC,Cash,Cash and cash equivalents:Cash on Hand:Cash on Hand - Main,374460,,,321835.0,,,700.0,700.0,4468,,PHP,
1,Reference No,4467,AQUA LA FUENTE WRS,700.0,374400.0,2024-05-29,4467,AQUA LA FUENTE WRS,700.0,321742,335784,,2024-05-29,AQUA LA FUENTE WRS,Cash,Cash and cash equivalents:Cash on Hand:Cash on Hand - Main,374400,,,321742.0,,,700.0,700.0,4467,,PHP,
1,Reference No,4466,JMCK MASINO WRS,700.0,374619.0,2024-05-29,4466,JMCK MASINO WRS,700.0,321953,335783,,2024-05-29,JMCK MASINO WRS,Cash,Cash and cash equivalents:Cash on Hand:Cash on Hand - Main,374619,,,321953.0,,,700.0,700.0,4466,,PHP,
1,Reference No,4465,PAVIATI WRS,700.0,374399.0,2024-05-29,4465,PAVIATI WRS,700.0,321741,335782,,2024-05-29,PAVIATI WRS,Cash,Cash and cash equivalents:Cash on Hand:Cash on Hand - Main,374399,,,321741.0,,,700.0,700.0,4465,,PHP,
1,Reference No,4464,SWEET BITES THE DESSERT SHOP,700.0,374398.0,2024-05-29,4464,SWEET BITES THE DESSERT SHOP,700.0,321740,335781,,2024-05-29,SWEET BITES THE DESSERT SHOP,Cash,Cash and cash equivalents:Cash on Hand:Cash on Hand - Main,374398,,,321740.0,,,700.0,700.0,4464,,PHP,
1,Reference No,4472,ZAMZAM WRS,700.0,374404.0,2024-05-29,4472,ZAMZAM WRS,700.0,321756,335792,,2024-05-29,ZAMZAM WRS,Cash,Cash and cash equivalents:Cash on Hand:Cash on Hand - Main,374404,,,321756.0,,,700.0,700.0,4472,,PHP,
1,Reference No,4471,WATER GOURMET WRS,700.0,374403.0,2024-05-29,4471,WATER GOURMET WRS,700.0,321755,335790,,2024-05-29,WATER GOURMET WRS,Cash,Cash and cash equivalents:Cash on Hand:Cash on Hand - Main,374403,,,321755.0,,,700.0,700.0,4471,,PHP,
1,Reference No,4470,JACOB'S WELL WRS,700.0,374402.0,2024-05-29,4470,JACOB'S WELL WRS,700.0,321754,335788,,2024-05-29,JACOB'S WELL WRS,Cash,Cash and cash equivalents:Cash on Hand:Cash on Hand - Main,374402,,,321754.0,,,700.0,700.0,4470,,PHP,
1,Reference No,4469,GALLOS WRS,700.0,374401.0,2024-05-29,4469,GALLOS WRS,700.0,321743,335786,,2024-05-29,GALLOS WRS,Cash,Cash and cash equivalents:Cash on Hand:Cash on Hand - Main,374401,,,321743.0,,,700.0,700.0,4469,,PHP,
1,Reference No,4474,PURE FRESH WRS,700.0,374406.0,2024-05-29,4474,PURE FRESH WRS,700.0,321758,335801,,2024-05-29,PURE FRESH WRS,Cash,Cash and cash equivalents:Cash on Hand:Cash on Hand - Main,374406,,,321758.0,,,700.0,700.0,4474,,PHP,
1,Reference No,4473,AQUABELL WRS,700.0,374405.0,2024-05-29,4473,AQUABELL WRS,700.0,321757,335800,,2024-05-29,AQUABELL WRS,Cash,Cash and cash equivalents:Cash on Hand:Cash on Hand - Main,374405,,,321757.0,,,700.0,700.0,4473,,PHP,
1,Reference No,4478,AGUA THANNEA PWRS,700.0,374411.0,2024-05-29,4478,AGUA THANNEA PWRS,400.0,321762,335805,,2024-05-29,AGUA THANNEA PWRS,Cash,Cash and cash equivalents:Cash on Hand:Cash on Hand - Main,374411,,,321762.0,,,400.0,400.0,4478,,PHP,
1,Reference No,4477,LIVE PURE WATER REFILLING,700.0,374409.0,2024-05-29,4477,LIVE PURE WATER REFILLING,400.0,321761,335804,,2024-05-29,LIVE PURE WATER REFILLING,Cash,Cash and cash equivalents:Cash on Hand:Cash on Hand - Main,374409,,,321761.0,,,400.0,400.0,4477,,PHP,
1,Reference No,4476,SAN AGUSTIN WATER WROSK LEV 3,700.0,374408.0,2024-05-29,4476,SAN AGUSTIN WATER WROSK LEV 3,400.0,321760,335803,,2024-05-29,SAN AGUSTIN WATER WROSK LEV 3,Cash,Cash and cash equivalents:Cash on Hand:Cash on Hand - Main,374408,,,321760.0,,,400.0,400.0,4476,,PHP,
1,Reference No,4475,GOLDEN CLEAR WRS,700.0,374407.0,2024-05-29,4475,GOLDEN CLEAR WRS,400.0,321759,335802,,2024-05-29,GOLDEN CLEAR WRS,Cash,Cash and cash equivalents:Cash on Hand:Cash on Hand - Main,374407,,,321759.0,,,400.0,400.0,4475,,PHP,
1,Reference No,4482,AZURE WRS,700.0,374415.0,2024-05-29,4482,AZURE WRS,400.0,321766,335811,,2024-05-29,AZURE WRS,Cash,Cash and cash equivalents:Cash on Hand:Cash on Hand - Main,374415,,,321766.0,,,400.0,400.0,4482,,PHP,
1,Reference No,4481,FLOWING GRACE H2O WATER,700.0,374414.0,2024-05-29,4481,FLOWING GRACE H2O WATER,400.0,321765,335809,,2024-05-29,FLOWING GRACE H2O WATER,Cash,Cash and cash equivalents:Cash on Hand:Cash on Hand - Main,374414,,,321765.0,,,400.0,400.0,4481,,PHP,
1,Reference No,4480,JARS WRS,700.0,374413.0,2024-05-29,4480,JARS WRS,400.0,321764,335807,,2024-05-29,JARS WRS,Cash,Cash and cash equivalents:Cash on Hand:Cash on Hand - Main,374413,,,321764.0,,,400.0,400.0,4480,,PHP,
1,Reference No,4479,AQUA MANTES,700.0,374412.0,2024-05-29,4479,AQUA MANTES,400.0,321763,335806,,2024-05-29,AQUA MANTES,Cash,Cash and cash equivalents:Cash on Hand:Cash on Hand - Main,374412,,,321763.0,,,400.0,400.0,4479,,PHP,
1,Reference No,4484,H & JT WRS,700.0,374417.0,2024-05-29,4484,H & JT WRS,400.0,321768,335821,,2024-05-29,H & JT WRS,Cash,Cash and cash equivalents:Cash on Hand:Cash on Hand - Main,374417,,,321768.0,,,400.0,400.0,4484,,PHP,
1,Reference No,4483,HYDRO PLUS WRS,700.0,374416.0,2024-05-29,4483,HYDRO PLUS WRS,400.0,321767,335820,,2024-05-29,HYDRO PLUS WRS,Cash,Cash and cash equivalents:Cash on Hand:Cash on Hand - Main,374416,,,321767.0,,,400.0,400.0,4483,,PHP,
1,Reference No,4490,REAL WATER WRS,700.0,374423.0,2024-05-29,4490,REAL WATER WRS,400.0,321785,335827,,2024-05-29,REAL WATER WRS,Cash,Cash and cash equivalents:Cash on Hand:Cash on Hand - Main,374423,,,321785.0,,,400.0,400.0,4490,,PHP,
1,Reference No,4489,NUESTRA DE SALVACION PARISH CHURCH DEEPWELL,700.0,374422.0,2024-05-29,4489,NUESTRA DE SALVACION PARISH CHURCH DEEPWELL,400.0,321773,335826,,2024-05-29,NUESTRA DE SALVACION PARISH CHURCH DEEPWELL,Cash,Cash and cash equivalents:Cash on Hand:Cash on Hand - Main,374422,,,321773.0,,,400.0,400.0,4489,,PHP,
1,Reference No,4488,DAVEN LIVING WATER REFILLING STATION,700.0,374421.0,2024-05-29,4488,DAVEN LIVING WATER REFILLING STATION,400.0,321772,335825,,2024-05-29,DAVEN LIVING WATER REFILLING STATION,Cash,Cash and cash equivalents:Cash on Hand:Cash on Hand - Main,374421,,,321772.0,,,400.0,400.0,4488,,PHP,
1,Reference No,4487,RDSAC,700.0,374420.0,2024-05-29,4487,RDSAC,400.0,321771,335824,,2024-05-29,RDSAC,Cash,Cash and cash equivalents:Cash on Hand:Cash on Hand - Main,374420,,,321771.0,,,400.0,400.0,4487,,PHP,
1,Reference No,4486,MEGA CRYSTAL BACHAWAN,700.0,374419.0,2024-05-29,4486,MEGA CRYSTAL BACHAWAN,400.0,321770,335823,,2024-05-29,MEGA CRYSTAL BACHAWAN,Cash,Cash and cash equivalents:Cash on Hand:Cash on Hand - Main,374419,,,321770.0,,,400.0,400.0,4486,,PHP,
1,Reference No,4485,MEGA CRYSTAL POBLACION,700.0,374418.0,2024-05-29,4485,MEGA CRYSTAL POBLACION,400.0,321769,335822,,2024-05-29,MEGA CRYSTAL POBLACION,Cash,Cash and cash equivalents:Cash on Hand:Cash on Hand - Main,374418,,,321769.0,,,400.0,400.0,4485,,PHP,
1,Reference No,4492,HCE PURIFIED DRINKING WATER,700.0,374426.0,2024-05-29,4492,HCE PURIFIED DRINKING WATER,400.0,321787,335829,,2024-05-29,HCE PURIFIED DRINKING WATER,Cash,Cash and cash equivalents:Cash on Hand:Cash on Hand - Main,374426,,,321787.0,,,400.0,400.0,4492,,PHP,
1,Reference No,4491,B FRESH WRS,700.0,374424.0,2024-05-29,4491,B FRESH WRS,400.0,321786,335828,,2024-05-29,B FRESH WRS,Cash,Cash and cash equivalents:Cash on Hand:Cash on Hand - Main,374424,,,321786.0,,,400.0,400.0,4491,,PHP,
1,Reference No,4493,BALADJAY BAKERY L-3,4700.0,374427.0,2024-05-29,4493,BALADJAY BAKERY L-3,2400.0,321788,335830,,2024-05-29,BALADJAY BAKERY L-3,Cash,Cash and cash equivalents:Cash on Hand:Cash on Hand - Main,374427,,,321788.0,,,2400.0,2400.0,4493,,PHP,
1,Reference No,4499,SITIO GUNTAC-AN WATER SYSTEM TAAS,700.0,374433.0,2024-05-29,4499,SITIO GUNTAC-AN WATER SYSTEM TAAS,400.0,321794,335836,,2024-05-29,SITIO GUNTAC-AN WATER SYSTEM TAAS,Cash,Cash and cash equivalents:Cash on Hand:Cash on Hand - Main,374433,,,321794.0,,,400.0,400.0,4499,,PHP,
1,Reference No,4498,SITIO GUNTAC-AN WATER SYSTEM BABA,700.0,374432.0,2024-05-29,4498,SITIO GUNTAC-AN WATER SYSTEM BABA,400.0,321793,335835,,2024-05-29,SITIO GUNTAC-AN WATER SYSTEM BABA,Cash,Cash and cash equivalents:Cash on Hand:Cash on Hand - Main,374432,,,321793.0,,,400.0,400.0,4498,,PHP,
1,Reference No,4497,WATER MARKET,700.0,374431.0,2024-05-29,4497,WATER MARKET,400.0,321792,335834,,2024-05-29,WATER MARKET,Cash,Cash and cash equivalents:Cash on Hand:Cash on Hand - Main,374431,,,321792.0,,,400.0,400.0,4497,,PHP,
1,Reference No,4496,CARRES WATER STATION,700.0,374430.0,2024-05-29,4496,CARRES WATER STATION,400.0,321791,335833,,2024-05-29,CARRES WATER STATION,Cash,Cash and cash equivalents:Cash on Hand:Cash on Hand - Main,374430,,,321791.0,,,400.0,400.0,4496,,PHP,
1,Reference No,4495,MEGA CRYSTAL WRS,4700.0,374429.0,2024-05-29,4495,MEGA CRYSTAL WRS,2400.0,321790,335832,,2024-05-29,MEGA CRYSTAL WRS,Cash,Cash and cash equivalents:Cash on Hand:Cash on Hand - Main,374429,,,321790.0,,,2400.0,2400.0,4495,,PHP,
1,Reference No,4494,DOBS L-3,4700.0,374428.0,2024-05-29,4494,DOBS L-3,2400.0,321789,335831,,2024-05-29,DOBS L-3,Cash,Cash and cash equivalents:Cash on Hand:Cash on Hand - Main,374428,,,321789.0,,,2400.0,2400.0,4494,,PHP,
1,Reference No,4500,MENDOZA WRS,700.0,374547.0,2024-05-29,4500,MENDOZA WRS,400.0,321837,335837,,2024-05-29,MENDOZA WRS,Cash,Cash and cash equivalents:Cash on Hand:Cash on Hand - Main,374547,,,321837.0,,,400.0,400.0,4500,,PHP,
1,Reference No,4649,NEPHROLIFE DIALYSIS CENTER CO.,3000.0,368651.0,2024-05-29,4649,NEPHROLIFE DIALYSIS CENTER CO.,3000.0,316113,335854,,2024-05-29,NEPHROLIFE DIALYSIS CENTER CO.,Cash,Cash and cash equivalents:Cash on Hand:Cash on Hand - Main,368651,,,316113.0,,,1500.0,3000.0,4649,,PHP,
1,Reference No,4688,BERMUDA DRIVE INN HOTEL,700.0,373498.0,2024-05-31,4688,BERMUDA DRIVE INN HOTEL,700.0,320938,335859,,2024-05-31,BERMUDA DRIVE INN HOTEL,Cash,Cash and cash equivalents:Cash on Hand:Cash on Hand - Main,373498,,,320938.0,,,700.0,700.0,4688,,PHP,
1,Reference No,4687,CAFÉ FRANCE CORP.,700.0,374352.0,2024-05-31,4687,CAFÉ FRANCE CORP.,700.0,321703,335858,,2024-05-31,CAFÉ FRANCE CORP.,Cash,Cash and cash equivalents:Cash on Hand:Cash on Hand - Main,374352,,,321703.0,,,700.0,700.0,4687,,PHP,
1,Reference No,4686,YIPMAKYAN EATERY,350.0,373500.0,2024-05-31,4686,YIPMAKYAN EATERY,350.0,320940,335857,,2024-05-31,YIPMAKYAN EATERY,Cash,Cash and cash equivalents:Cash on Hand:Cash on Hand - Main,373500,,,320940.0,,,350.0,350.0,4686,,PHP,
1,Reference No,4685,MEYCAUYAN DOCTORS DIALYSIS CENTER,600.0,,2024-05-31,4685,MEYCAUYAN DOCTORS DIALYSIS CENTER,600.0,,335856,,2024-05-31,MEYCAUYAN DOCTORS DIALYSIS CENTER,Cash,Cash and cash equivalents:Cash on Hand:Cash on Hand - Main,,,,,,,600.0,600.0,4685,,PHP,
1,Reference No,4684,IVAN WATER STATION,700.0,,2024-05-31,4684,IVAN WATER STATION,700.0,,335855,,2024-05-31,IVAN WATER STATION,Cash,Cash and cash equivalents:Cash on Hand:Cash on Hand - Main,,,,,,,700.0,700.0,4684,,PHP,
1,Reference No,4689,LUCKY 8 DELICIOUS BREAD,350.0,373499.0,2024-05-31,4689,LUCKY 8 DELICIOUS BREAD,350.0,320939,335860,,2024-05-31,LUCKY 8 DELICIOUS BREAD,Cash,Cash and cash equivalents:Cash on Hand:Cash on Hand - Main,373499,,,320939.0,,,350.0,350.0,4689,,PHP,
1,Reference No,4694,MCDONALD'S- BARANGKA DRIVE,2100.0,373513.0,2024-05-31,4694,MCDONALD'S- BARANGKA DRIVE,2100.0,320961,335867,,2024-05-31,MCDONALD'S- BARANGKA DRIVE,Cash,Cash and cash equivalents:Cash on Hand:Cash on Hand - Main,373513,,,320961.0,,,1650.0,2100.0,4694,,PHP,
1,Reference No,4693,ST. JOHN MARY VIANNEY,350.0,373508.0,2024-05-31,4693,ST. JOHN MARY VIANNEY,350.0,320947,335865,,2024-05-31,ST. JOHN MARY VIANNEY,Cash,Cash and cash equivalents:Cash on Hand:Cash on Hand - Main,373508,,,320947.0,,,350.0,350.0,4693,,PHP,
1,Reference No,4691,BIOCOSLECH PHILIPPINES CORP.,1500.0,373503.0,2024-05-31,4691,BIOCOSLECH PHILIPPINES CORP.,1500.0,320943,335863,,2024-05-31,BIOCOSLECH PHILIPPINES CORP.,Cash,Cash and cash equivalents:Cash on Hand:Cash on Hand - Main,373503,,,320943.0,,,1100.0,1500.0,4691,,PHP,
1,Reference No,4690,HAYASHI JAPANESE RESTAURANT,750.0,373502.0,2024-05-31,4690,HAYASHI JAPANESE RESTAURANT,750.0,320942,335861,,2024-05-31,HAYASHI JAPANESE RESTAURANT,Cash,Cash and cash equivalents:Cash on Hand:Cash on Hand - Main,373502,,,320942.0,,,550.0,750.0,4690,,PHP,
1,Reference No,4698,MIGHTEE MART- KALENTONG 85,350.0,373510.0,2024-05-31,4698,MIGHTEE MART- KALENTONG 85,350.0,320959,335876,,2024-05-31,MIGHTEE MART- KALENTONG 85,Cash,Cash and cash equivalents:Cash on Hand:Cash on Hand - Main,373510,,,320959.0,,,350.0,350.0,4698,,PHP,
1,Reference No,4697,MCDONALD'S-  MARKET PLACE,1050.0,373509.0,2024-05-31,4697,MCDONALD'S-  MARKET PLACE,1050.0,320958,335874,,2024-05-31,MCDONALD'S-  MARKET PLACE,Cash,Cash and cash equivalents:Cash on Hand:Cash on Hand - Main,373509,,,320958.0,,,1050.0,1050.0,4697,,PHP,
1,Reference No,4696,8 WACK-WACK ROAD CONDOMINIUM,1200.0,373506.0,2024-05-31,4696,8 WACK-WACK ROAD CONDOMINIUM,1200.0,320945,335872,,2024-05-31,8 Wack-Wack Road Condominium,Cash,Cash and cash equivalents:Cash on Hand:Cash on Hand - Main,373506,,,320945.0,,,1100.0,1200.0,4696,,PHP,
1,Reference No,4695,"ARMY NAVY BURGDER, INC.",700.0,372424.0,2024-05-31,4695,"ARMY NAVY BURGDER, INC.",700.0,317846,335869,,2024-05-31,"ARMY NAVY BURGDER, INC.",Cash,Cash and cash equivalents:Cash on Hand:Cash on Hand - Main,372424,,,317846.0,,,700.0,700.0,4695,,PHP,
1,Reference No,726279,TROPICAL HUT FOOD MARKET,1400.0,373102.0,2024-05-29,726279,TROPICAL HUT FOOD MARKET,1400.0,320554,335884,,2024-05-29,Tropical Hut Food Market,Cash,Cash and cash equivalents:Cash on Hand:Cash on Hand - Main,373102,,,320554.0,,,1400.0,1400.0,726279,,PHP,
1,Reference No,726278,COUNTRY NOODLES,1400.0,373105.0,2024-05-29,726278,COUNTRY NOODLES,1400.0,320556,335883,,2024-05-29,COUNTRY NOODLES,Cash,Cash and cash equivalents:Cash on Hand:Cash on Hand - Main,373105,,,320556.0,,,1400.0,1400.0,726278,,PHP,
1,Reference No,726277,KFC/BARTLE BEYL INC,2800.0,373103.0,2024-05-29,726277,KFC/BARTLE BEYL INC,2800.0,320555,335882,,2024-05-29,KFC/BARTLE BEYL INC,Cash,Cash and cash equivalents:Cash on Hand:Cash on Hand - Main,373103,,,320555.0,,,2800.0,2800.0,726277,,PHP,
1,Reference No,4973,SAN MATEO DOCTORS HOSPITAL INC,1500.0,370095.0,2024-05-29,4973,SAN MATEO DOCTORS HOSPITAL INC,1500.0,318195,335881,,2024-05-29,SAN MATEO DOCTORS HOSPITAL INC,Cash,Cash and cash equivalents:Cash on Hand:Cash on Hand - Main,370095,,,318195.0,,,1500.0,1500.0,4973,,PHP,
1,Reference No,726281,SYSO INTERNATIONAL INC.,2058.0,360592.0,2024-05-29,726281,SYSO INTERNATIONAL INC.,2058.0,307537,335885,,2024-05-29,SYSO INTERNATIONAL INC.,Cash,Cash and cash equivalents:Cash on Hand:Cash on Hand - Main,360592,,,307537.0,,,1500.0,2058.0,726281,,PHP,
1,Reference No,729747,J. FERNANDEZ,900.0,372852.0,2024-05-29,729747,J. FERNANDEZ,900.0,318741,335896,,2024-05-29,J. FERNANDEZ,Cash,Cash and cash equivalents:Cash on Hand:Cash on Hand - Main,372852,,,318741.0,,,900.0,900.0,729747,,PHP,
1,Reference No,731297,LG HEALTH CARE INC,1470.0,374094.0,2024-05-30,731297,LG HEALTH CARE INC,1470.0,321390,335901,,2024-05-30,LG HEALTH CARE INC,Cash,Cash and cash equivalents:Cash on Hand:Cash on Hand - Main,374094,,,321390.0,,,1470.0,1470.0,731297,,PHP,
1,Reference No,4990,RENAL SOLUTION DIALYSIS CENTER CO,1500.0,355187.0,2024-05-29,4990,RENAL SOLUTIONS  DIALYSIS CENTER CO.,1500.0,295308,415182,,2024-05-29,RENAL SOLUTIONS  DIALYSIS CENTER CO.,Cash,Cash and cash equivalents:Cash on Hand:Cash on Hand - Main,355187,,,295308.0,,,1500.0,1500.0,4990,,PHP,
1,Reference No,4998,RENAL LIFECARE DIALYSIS CO,1500.0,355184.0,2024-05-29,4998,RENAL LIFECARE DIALYSIS CO.,1500.0,295305,415188,,2024-05-29,RENAL LIFECARE DIALYSIS CO.,Cash,Cash and cash equivalents:Cash on Hand:Cash on Hand - Main,355184,,,295305.0,,,1500.0,1500.0,4998,,PHP,
1,Reference No,4997,GOOD SHEPHERD HOSP. RENAL CENT. CO,1500.0,355182.0,2024-05-29,4997,THE GOOD SHEPHERD HOSPITAL RENAL CENTER CO.,1500.0,295304,415187,,2024-05-29,THE GOOD SHEPHERD HOSPITAL RENAL CENTER CO.,Cash,Cash and cash equivalents:Cash on Hand:Cash on Hand - Main,355182,,,295304.0,,,1500.0,1500.0,4997,,PHP,
1,Reference No,4995,PRO RENAL SPECIALIST DIALYSIS CENTER,1500.0,355189.0,2024-05-29,4995,PRO RENAL SPECIALIST DIALYSIS CENTER - BALIUAG,1500.0,295309,415186,,2024-05-29,PRO RENAL SPECIALIST DIALYSIS CENTER - BALIUAG,Cash,Cash and cash equivalents:Cash on Hand:Cash on Hand - Main,355189,,,295309.0,,,1500.0,1500.0,4995,,PHP,
1,Reference No,4993,RENAL CENTER AND MULTISPECIALTY CLINIC,1500.0,355186.0,2024-05-29,4993,RENAL CENTER AND MULTISPECIALTY CLINIC CORP.,1500.0,295307,415185,,2024-05-29,RENAL CENTER AND MULTISPECIALTY CLINIC CORP.,Cash,Cash and cash equivalents:Cash on Hand:Cash on Hand - Main,355186,,,295307.0,,,1500.0,1500.0,4993,,PHP,
1,Reference No,4992,PRO RENAL SPECIALIST DIALYSIS CENTER,1500.0,355181.0,2024-05-29,4992,PRO RENAL SPECIALIST DIALYSIS CENTER - BOCAUE,1500.0,295303,415184,,2024-05-29,PRO RENAL SPECIALIST DIALYSIS CENTER - BOCAUE,Cash,Cash and cash equivalents:Cash on Hand:Cash on Hand - Main,355181,,,295303.0,,,1500.0,1500.0,4992,,PHP,
1,Reference No,4991,NEPHROLIFE DIALYSIS CENTER CO,1500.0,355185.0,2024-05-29,4991,NEPHROLIFE DIALYSIS CENTER CO.,1500.0,295306,415183,,2024-05-29,NEPHROLIFE DIALYSIS CENTER CO.,Cash,Cash and cash equivalents:Cash on Hand:Cash on Hand - Main,355185,,,295306.0,,,1500.0,1500.0,4991,,PHP,
1,Reference No,4999,PRO RENAL SPECIALIST DIALYSIS CENTER,1500.0,352821.0,2024-05-29,4999,PRO RENAL SPECIALIST DIALYSIS CENTER CORP.,1500.0,295037,415189,,2024-05-29,PRO RENAL SPECIALIST DIALYSIS CENTER CORP.,Cash,Cash and cash equivalents:Cash on Hand:Cash on Hand - Main,352821,,,295037.0,,,1500.0,1500.0,4999,,PHP,
1,Reference No,1149,YOSHINOYA JOLLIBEE FOODS INC,2250.0,370936.0,2024-05-13,1149,SMM YOSHINOYA,2250.0,302241,415603,,2024-05-13,SMM YOSHINOYA,Cash,Cash and cash equivalents:Cash on Hand:Cash on Hand - Main,370936,,,302241.0,,,2100.0,2250.0,1149,,PHP,
1,Reference No,1145,EASY TIGER,350.0,366802.0,2024-05-13,1145,EASY TIGER GREENHILLS,350.0,154194,415601,,2024-05-13,Easy Tiger Greenhills,Cash,Cash and cash equivalents:Cash on Hand:Cash on Hand - Main,366802,,,154194.0,,,350.0,350.0,1145,,PHP,
1,Reference No,1178,18 FOLDS PH CORP,550.0,370912.0,2024-05-02,1178,18 FOLDS PH CORP,550.0,317095,415609,,2024-05-02,18 FOLDS PH CORP,Cash,Cash and cash equivalents:Cash In bank:CIB BDO 0776,370912,,,317095.0,,,500.0,550.0,1178,,PHP,
1,Reference No,1150,ANCECAR SPECIALTY FOODS INC,700.0,370971.0,2024-05-13,1150,SMM CONTI'S MANILA,700.0,302256,415605,,2024-05-13,SMM CONTI'S MANILA,Cash,Cash and cash equivalents:Cash on Hand:Cash on Hand - Main,370971,,,302256.0,,,700.0,700.0,1150,,PHP,
1,Reference No,1182,DOMINO'S PIZZA,900.0,370729.0,2024-05-07,1182,DOMINO'S PIZZA  83914,900.0,301006,415617,,2024-05-07,DOMINO'S PIZZA  83914,Cash,Cash and cash equivalents:Cash In bank:CIB BDO 0776,370729,,,301006.0,,,900.0,900.0,1182,,PHP,
1,Reference No,1181,NATURE'S EMM'S WRS,2550.0,370731.0,2024-05-07,1181,NATURE'S EMM'S WRS,2550.0,,415616,,2024-05-07,NATURE'S EMM'S WRS,Cash,Cash and cash equivalents:Cash In bank:CIB BDO 0776,,,,,,,2550.0,2550.0,1181,,PHP,
1,Reference No,1188,MAIN STREAM WRS,550.0,370734.0,2024-05-07,1188,MAIN STREAM WRS,550.0,301011,415626,,2024-05-07,MAIN STREAM WRS,Cash,Cash and cash equivalents:Cash In bank:CIB BDO 0776,370734,,,301011.0,,,550.0,550.0,1188,,PHP,
1,Reference No,1187,7 ELEVEN FOOD STORE,550.0,370722.0,2024-05-07,1187,7 ELEVEN FOOD STORE,550.0,300999,415623,,2024-05-07,7 ELEVEN FOOD STORE,Cash,Cash and cash equivalents:Cash In bank:CIB BDO 0776,370722,,,300999.0,,,550.0,550.0,1187,,PHP,
1,Reference No,1186,KING BEE CHINESE FOOD RESTAURANT,550.0,370724.0,2024-05-07,1186,KING BEE CHINESE FOOD RESTAURANT,550.0,301001,415621,,2024-05-07,KING BEE CHINESE FOOD RESTAURANT,Cash,Cash and cash equivalents:Cash In bank:CIB BDO 0776,370724,,,301001.0,,,550.0,550.0,1186,,PHP,
1,Reference No,1184,CRISTHEA WRS,550.0,370732.0,2024-05-07,1184,CRISTHEA WRS,550.0,301009,415619,,2024-05-07,CRISTHEA WRS,Cash,Cash and cash equivalents:Cash In bank:CIB BDO 0776,370732,,,301009.0,,,550.0,550.0,1184,,PHP,
1,Reference No,1193,CELMAR'S PURIFIED DRINKING WATER,550.0,370730.0,2024-05-07,1193,CELMAR'S PURIFIED DRINKING WATER,550.0,301007,415632,,2024-05-07,CELMAR'S PURIFIED DRINKING WATER,Cash,Cash and cash equivalents:Cash In bank:CIB BDO 0776,370730,,,301007.0,,,550.0,550.0,1193,,PHP,
1,Reference No,1189,LA TRAVIESA HOTEL CORP,550.0,370725.0,2024-05-07,1189,LA TRAVIESA HOTEL GROUP,550.0,301002,415628,,2024-05-07,LA TRAVIESA HOTEL GROUP,Cash,Cash and cash equivalents:Cash In bank:CIB BDO 0776,370725,,,301002.0,,,550.0,550.0,1189,,PHP,
1,Reference No,1324,SEADWELLER CORP,1100.0,370693.0,2024-05-07,1324,SEADWELLER CORP.,1100.0,300991,415699,,2024-05-07,SEADWELLER CORP.,Cash,Cash and cash equivalents:Cash In bank:CIB BDO 0776,370693,,,300991.0,,,1100.0,1100.0,1324,,PHP,
1,Reference No,1323,ADRIAN REFILLING,550.0,370685.0,2024-05-07,1323,ADRIAN REFILLING,550.0,300986,415697,,2024-05-07,ADRIAN REFILLING,Cash,Cash and cash equivalents:Cash In bank:CIB BDO 0776,370685,,,300986.0,,,550.0,550.0,1323,,PHP,
1,Reference No,1322,PROVIDENCE WRS,550.0,370679.0,2024-05-07,1322,PROVIDENCE WRS,550.0,300981,415695,,2024-05-07,PROVIDENCE WRS,Cash,Cash and cash equivalents:Cash In bank:CIB BDO 0776,370679,,,300981.0,,,550.0,550.0,1322,,PHP,
1,Reference No,1325,CIPOLLA CORP,1100.0,370698.0,2024-05-07,1325,CRIPOLLA CORP.,1100.0,300996,415705,,2024-05-07,CRIPOLLA CORP.,Cash,Cash and cash equivalents:Cash In bank:CIB BDO 0776,370698,,,300996.0,,,1100.0,1100.0,1325,,PHP,
1,Reference No,1329,GENERATION EPICURED INC,2100.0,370697.0,2024-05-07,1329,GENERATION EPICURED INC.,2100.0,300995,415710,,2024-05-07,GENERATION EPICURED INC.,Cash,Cash and cash equivalents:Cash In bank:CIB BDO 0776,370697,,,300995.0,,,2100.0,2100.0,1329,,PHP,
1,Reference No,1328,STIBICK WS,1100.0,370696.0,2024-05-07,1328,STIBICK WS,1100.0,300994,415709,,2024-05-07,STIBICK WS,Cash,Cash and cash equivalents:Cash In bank:CIB BDO 0776,370696,,,300994.0,,,1100.0,1100.0,1328,,PHP,
1,Reference No,1327,MCBC FOOD VENTURE INC,550.0,370695.0,2024-05-07,1327,MCBC FOOD VENTURE INC.,550.0,300993,415707,,2024-05-07,MCBC FOOD VENTURE INC.,Cash,Cash and cash equivalents:Cash In bank:CIB BDO 0776,370695,,,300993.0,,,550.0,550.0,1327,,PHP,
1,Reference No,1326,SHAKEY'S PIZZA,550.0,370694.0,2024-05-07,1326,SHAKEY'S PIZZA,550.0,300992,415706,,2024-05-07,SHAKEY'S PIZZA,Cash,Cash and cash equivalents:Cash In bank:CIB BDO 0776,370694,,,300992.0,,,550.0,550.0,1326,,PHP,
1,Reference No,1332,BARDSTOWN INC,1650.0,370687.0,2024-05-07,1332,BARDSTOWN INC.,1650.0,300987,415716,,2024-05-07,BARDSTOWN INC.,Cash,Cash and cash equivalents:Cash In bank:CIB BDO 0776,370687,,,300987.0,,,1650.0,1650.0,1332,,PHP,
1,Reference No,1331,YAHXIE WS,550.0,368265.0,2024-05-07,1331,YAHXIE WS,550.0,315749,415714,,2024-05-07,YAHXIE WS,Cash,Cash and cash equivalents:Cash In bank:CIB BDO 0776,368265,,,315749.0,,,500.0,550.0,1331,,PHP,
1,Reference No,1330,OBIC NOUB INC,1100.0,370689.0,2024-05-07,1330,OBIC NOUB INC.,1100.0,300988,415712,,2024-05-07,OBIC NOUB INC.,Cash,Cash and cash equivalents:Cash In bank:CIB BDO 0776,370689,,,300988.0,,,1100.0,1100.0,1330,,PHP,
1,Reference No,1333,WEST FIELD RESIDENCES,550.0,370677.0,2024-05-07,1333,WESTFIELD RESIDENCES INC.,550.0,300978,415720,,2024-05-07,WESTFIELD RESIDENCES INC.,Cash,Cash and cash equivalents:Cash In bank:CIB BDO 0776,370677,,,300978.0,,,550.0,550.0,1333,,PHP,
1,Reference No,1338,AQUA CHA,550.0,370755.0,2024-05-09,1338,AQUA CHA WRS,550.0,302159,415729,,2024-05-09,AQUA CHA WRS,Cash,Cash and cash equivalents:Cash In bank:CIB BDO 0776,370755,,,302159.0,,,550.0,550.0,1338,,PHP,
1,Reference No,1337,STEVE CHARLES,550.0,370771.0,2024-05-09,1337,STEVE CHARLES,550.0,318295,415728,,2024-05-09,STEVE CHARLES,Cash,Cash and cash equivalents:Cash In bank:CIB BDO 0776,370771,,,318295.0,,,550.0,550.0,1337,,PHP,
1,Reference No,1335,DWYANE XAVIER,550.0,370756.0,2024-05-09,1335,DWYANE XAVIER WRS,550.0,302161,415727,,2024-05-09,DWYANE XAVIER WRS,Cash,Cash and cash equivalents:Cash In bank:CIB BDO 0776,370756,,,302161.0,,,550.0,550.0,1335,,PHP,
1,Reference No,1334,FAJARDO'S WRS,550.0,370757.0,2024-05-09,1334,FAJARDO'S WRS,550.0,318292,415726,,2024-05-09,FAJARDO'S WRS,Cash,Cash and cash equivalents:Cash In bank:CIB BDO 0776,370757,,,318292.0,,,550.0,550.0,1334,,PHP,
1,Reference No,1343,NZ WRS,550.0,370762.0,2024-05-09,1343,N2 WRS,550.0,302169,415734,,2024-05-09,N2 WRS,Cash,Cash and cash equivalents:Cash In bank:CIB BDO 0776,370762,,,302169.0,,,550.0,550.0,1343,,PHP,
1,Reference No,1342,AQUA GEN TRI WRS,550.0,370766.0,2024-05-09,1342,AQUA GEN TRI WRS,550.0,318294,415733,,2024-05-09,AQUA GEN TRI WRS,Cash,Cash and cash equivalents:Cash In bank:CIB BDO 0776,370766,,,318294.0,,,550.0,550.0,1342,,PHP,
1,Reference No,1341,CHOWKING FOOD CORP,1650.0,370772.0,2024-05-09,1341,CHOWKING FOOD CORP DEEPWELL,1650.0,302179,415732,,2024-05-09,CHOWKING FOOD CORP DEEPWELL,Cash,Cash and cash equivalents:Cash In bank:CIB BDO 0776,370772,,,302179.0,,,1650.0,1650.0,1341,,PHP,
1,Reference No,1340,JOLLIBEE FOODS CORP,2200.0,370770.0,2024-05-09,1340,JOLLIBEE FOOD CORP,2200.0,302178,415731,,2024-05-09,JOLLIBEE FOOD CORP,Cash,Cash and cash equivalents:Cash In bank:CIB BDO 0776,370770,,,302178.0,,,2200.0,2200.0,1340,,PHP,
1,Reference No,1339,MCDONALD'S,1650.0,370769.0,2024-05-09,1339,MC DONALD'S MANGGAHAN DEEPWELL,1650.0,302177,415730,,2024-05-09,MC DONALD'S MANGGAHAN DEEPWELL,Cash,Cash and cash equivalents:Cash In bank:CIB BDO 0776,370769,,,302177.0,,,1650.0,1650.0,1339,,PHP,
1,Reference No,1344,QUEEN'S WELL,550.0,370763.0,2024-05-09,1344,QUEEN'S WELL,550.0,302171,415735,,2024-05-09,QUEEN'S WELL,Cash,Cash and cash equivalents:Cash In bank:CIB BDO 0776,370763,,,302171.0,,,550.0,550.0,1344,,PHP,
1,Reference No,1571,JOAN WATER CLEAR,400.0,369537.0,2024-05-03,1571,JOAN WATER CLEAR,400.0,300822,415752,,2024-05-03,JOAN WATER CLEAR,Cash,Cash and cash equivalents:Cash on Hand:Cash on Hand - Main,369537,,,300822.0,,,400.0,400.0,1571,,PHP,
1,Reference No,1482,DEI PLAN SALES CORPORATION,350.0,366587.0,2024-05-16,1482,DEI PLAN SALES CORPORATION,350.0,315221,415751,,2024-05-16,DEI PLAN SALES CORPORATION,Cash,Cash and cash equivalents:Cash In bank:CIB BDO 0776,366587,,,315221.0,,,350.0,350.0,1482,,PHP,
1,Reference No,2883,BERNARDINO GENERAL HOSPITAL,1500.0,365969.0,2024-05-22,2883,BERNARDINO GENERAL HOSPITAL,1470.0,152125,415804,,2024-05-22,BERNARDINO GENERAL HOSPITAL,Cash,Cash and cash equivalents:Cash on Hand:Cash on Hand - Main,365969,,,152125.0,,,1470.0,1470.0,2883,,PHP,
1,Reference No,2885,ILLIED CARE EXPERTS MEDICAL CENTER,16500.0,370109.0,2024-05-22,2885,ALLIED CARE EXPERTS (ACE) MED CENTER QC POU M1,16500.0,301986,415816,,2024-05-22,ALLIED CARE EXPERTS (ACE) MED CENTER QC POU M1,Cash,Cash and cash equivalents:Cash on Hand:Cash on Hand - Main,370109,,,301986.0,,,5500.0,16500.0,2885,,PHP,
1,Reference No,3781,7 ELEVEN FOOD STORE,350.0,369151.0,2024-05-21,3781,7 ELEVEN FOOD STORE,350.0,315914,415946,,2024-05-21,7 ELEVEN FOOD STORE,Cash,Cash and cash equivalents:Cash on Hand:Cash on Hand - Main,369151,,,315914.0,,,350.0,350.0,3781,,PHP,
1,Reference No,3986,NUTREZA FOOD CORPORATION,850.0,370044.0,2024-05-24,3986,NUTREZA FOOD CORPORATION,850.0,316941,415962,,2024-05-24,NUTREZA FOOD CORPORATION,Cash,Cash and cash equivalents:Cash on Hand:Cash on Hand - Main,370044,,,316941.0,,,500.0,850.0,3986,,PHP,
1,Reference No,3995,LOVING MOTHER DIAGNOSTIC AND DIALYSIS CENTER,1500.0,370153.0,2024-05-28,3995,LOVING MOTHER DIAGNOSTIC AND DIALYSIS CENTER,1500.0,318212,415964,,2024-05-28,LOVING MOTHER DIAGNOSTIC AND DIALYSIS CENTER,Cash,Cash and cash equivalents:Cash on Hand:Cash on Hand - Main,370153,,,318212.0,,,1500.0,1500.0,3995,,PHP,
1,Reference No,4355,TGI FRIDAYS BIÑAN,550.0,370524.0,2024-05-29,4355,TGI FRIDAY'S,550.0,300975,416103,,2024-05-29,TGI FRIDAY'S,Cash,Cash and cash equivalents:Cash on Hand:Cash on Hand - Main,370524,,,300975.0,,,550.0,550.0,4355,,PHP,
1,Reference No,4301,SALONGA DE KEYSER WATER REFILLING STATION,500.0,367992.0,2024-05-20,4301,SALONGA DE KEYSER WATER REFILLING STATION,500.0,315609,416102,,2024-05-20,SALONGA DE KEYSER WATER REFILLING STATION,Cash,Cash and cash equivalents:Cash on Hand:Cash on Hand - Main,367992,,,315609.0,,,500.0,500.0,4301,,PHP,
1,Reference No,4501,AGUA BLES,450.0,369477.0,2024-05-21,4501,AGUA BLES,450.0,317440,416132,,2024-05-21,AGUA BLES,Cash,Cash and cash equivalents:Cash on Hand:Cash on Hand - Main,369477,,,317440.0,,,450.0,450.0,4501,,PHP,
1,Reference No,4452,NEW ERA GENERAL HOSPITAL/FYM MEDICAL FOUNDATION,8000.0,366023.0,2024-05-24,4452,NEW ERA GENERAL HOSPITAL,8000.0,152179,416130,,2024-05-24,NEW ERA GENERAL HOSPITAL,Cash,Cash and cash equivalents:Cash on Hand:Cash on Hand - Main,366023,,,152179.0,,,500.0,8000.0,4452,,PHP,
1,Reference No,4451,PROVIDENT MEDICAL HEALTH CARE AND SERVICES INC.,7000.0,365985.0,2024-05-21,4451,"PROVIDENT MEDICAL HEALTH CARE AND SERVICES, INC.",6860.0,152141,416128,,2024-05-21,"PROVIDENT MEDICAL HEALTH CARE AND SERVICES, INC.",Cash,Cash and cash equivalents:Cash on Hand:Cash on Hand - Main,365985,,,152141.0,,,6860.0,6860.0,4451,,PHP,
1,Reference No,4505,SPRING JOY,450.0,369480.0,2024-05-21,4505,SPRING JOY,450.0,317443,416140,,2024-05-21,SPRING JOY,Cash,Cash and cash equivalents:Cash on Hand:Cash on Hand - Main,369480,,,317443.0,,,450.0,450.0,4505,,PHP,
1,Reference No,4504,RPUCHELA GUYABANO,450.0,369482.0,2024-05-21,4504,RPUCHELA GUYABANO,450.0,300786,416138,,2024-05-21,RPUCHELA GUYABANO,Cash,Cash and cash equivalents:Cash on Hand:Cash on Hand - Main,369482,,,300786.0,,,450.0,450.0,4504,,PHP,
1,Reference No,4503,RPUCHELA BRANCH 1,450.0,369479.0,2024-05-21,4503,RPUCHELA BRANCH 1,450.0,317442,416136,,2024-05-21,RPUCHELA BRANCH 1,Cash,Cash and cash equivalents:Cash on Hand:Cash on Hand - Main,369479,,,317442.0,,,450.0,450.0,4503,,PHP,
1,Reference No,4502,HYDROPLUS WATER,400.0,369478.0,2024-05-21,4502,HYDROPLUS WATER,400.0,317441,416134,,2024-05-21,HYDROPLUS WATER,Cash,Cash and cash equivalents:Cash on Hand:Cash on Hand - Main,369478,,,317441.0,,,400.0,400.0,4502,,PHP,
1,Reference No,4508,AQUA LUCIDA,450.0,369484.0,2024-05-21,4508,AQUA LUCIDA,450.0,317446,416146,,2024-05-21,AQUA LUCIDA,Cash,Cash and cash equivalents:Cash on Hand:Cash on Hand - Main,369484,,,317446.0,,,450.0,450.0,4508,,PHP,
1,Reference No,4507,BIOHEALTH,450.0,369483.0,2024-05-21,4507,BIOHEALTH,450.0,317445,416144,,2024-05-21,BIOHEALTH,Cash,Cash and cash equivalents:Cash on Hand:Cash on Hand - Main,369483,,,317445.0,,,450.0,450.0,4507,,PHP,
1,Reference No,4506,LA AQUA SALUD,400.0,369481.0,2024-05-21,4506,LA AQUA SALUD,400.0,317444,416142,,2024-05-21,LA AQUA SALUD,Cash,Cash and cash equivalents:Cash on Hand:Cash on Hand - Main,369481,,,317444.0,,,400.0,400.0,4506,,PHP,
1,Reference No,4511,SILVER FRESH,400.0,369487.0,2024-05-21,4511,SILVER FRESH,400.0,317449,416149,,2024-05-21,SILVER FRESH,Cash,Cash and cash equivalents:Cash on Hand:Cash on Hand - Main,369487,,,317449.0,,,400.0,400.0,4511,,PHP,
1,Reference No,4510,THIRDY RMC,450.0,369486.0,2024-05-21,4510,THIRDY RMC,450.0,317448,416148,,2024-05-21,THIRDY RMC,Cash,Cash and cash equivalents:Cash on Hand:Cash on Hand - Main,369486,,,317448.0,,,450.0,450.0,4510,,PHP,
1,Reference No,4509,ARTHA WATER,400.0,369485.0,2024-05-21,4509,ARTHA WATER,400.0,317447,416147,,2024-05-21,ARTHA WATER,Cash,Cash and cash equivalents:Cash on Hand:Cash on Hand - Main,369485,,,317447.0,,,400.0,400.0,4509,,PHP,
1,Reference No,4515,VITALITY,450.0,369491.0,2024-05-21,4515,VITALITY,450.0,317453,416157,,2024-05-21,VITALITY,Cash,Cash and cash equivalents:Cash on Hand:Cash on Hand - Main,369491,,,317453.0,,,450.0,450.0,4515,,PHP,
1,Reference No,4514,COX WATER,500.0,369490.0,2024-05-21,4514,COX WATER,500.0,317452,416155,,2024-05-21,COX WATER,Cash,Cash and cash equivalents:Cash on Hand:Cash on Hand - Main,369490,,,317452.0,,,500.0,500.0,4514,,PHP,
1,Reference No,4513,CLARINGO,450.0,369489.0,2024-05-21,4513,CLARINGO,450.0,317451,416153,,2024-05-21,CLARINGO,Cash,Cash and cash equivalents:Cash on Hand:Cash on Hand - Main,369489,,,317451.0,,,450.0,450.0,4513,,PHP,
1,Reference No,4512,SUMMER BREEZE,400.0,369488.0,2024-05-21,4512,SUMMER BREEZE,400.0,317450,416151,,2024-05-21,SUMMER BREEZE,Cash,Cash and cash equivalents:Cash on Hand:Cash on Hand - Main,369488,,,317450.0,,,400.0,400.0,4512,,PHP,
1,Reference No,4519,AQUA SERVER,400.0,369494.0,2024-05-21,4519,AQUA SERVER,400.0,317454,416163,,2024-05-21,AQUA SERVER,Cash,Cash and cash equivalents:Cash on Hand:Cash on Hand - Main,369494,,,317454.0,,,400.0,400.0,4519,,PHP,
1,Reference No,4518,K88 FOODS SERVICE INC.,2000.0,369493.0,2024-05-21,4518,K88 FOODS SERVICE INC.,2000.0,300788,416161,,2024-05-21,K88 FOODS SERVICE INC.,Cash,Cash and cash equivalents:Cash on Hand:Cash on Hand - Main,369493,,,300788.0,,,2000.0,2000.0,4518,,PHP,
1,Reference No,4516,DR. DONDI GRACE LAZARO DENTAL CLINIC,600.0,369492.0,2024-05-21,4516,DR. DONDI GRACE LAZARO DENTAL CLINIC,600.0,300787,416159,,2024-05-21,DR. DONDI GRACE LAZARO DENTAL CLINIC,Cash,Cash and cash equivalents:Cash on Hand:Cash on Hand - Main,369492,,,300787.0,,,600.0,600.0,4516,,PHP,
1,Reference No,4520,LEVEL GREEN BRANCH 1,450.0,369495.0,2024-05-21,4520,LEVEL GREEN BRANCH 1,450.0,317455,416167,,2024-05-21,LEVEL GREEN BRANCH 1,Cash,Cash and cash equivalents:Cash on Hand:Cash on Hand - Main,369495,,,317455.0,,,450.0,450.0,4520,,PHP,
1,Reference No,4525,CAFÉ DE ESA,600.0,369502.0,2024-05-21,4525,CAFÉ DE ESSA,600.0,300790,416172,,2024-05-21,CAFÉ DE ESSA,Cash,Cash and cash equivalents:Cash on Hand:Cash on Hand - Main,369502,,,300790.0,,,600.0,600.0,4525,,PHP,
1,Reference No,4524,2BIGAN DE ESA,500.0,369501.0,2024-05-21,4524,2BIGAN DE ESA,500.0,317460,416171,,2024-05-21,2BIGAN DE ESA,Cash,Cash and cash equivalents:Cash on Hand:Cash on Hand - Main,369501,,,317460.0,,,500.0,500.0,4524,,PHP,
1,Reference No,4523,JED & CAYLE,450.0,369500.0,2024-05-21,4523,JED & CAYLE,450.0,317459,416170,,2024-05-21,JED & CAYLE,Cash,Cash and cash equivalents:Cash on Hand:Cash on Hand - Main,369500,,,317459.0,,,450.0,450.0,4523,,PHP,
1,Reference No,4522,ROR WATER,450.0,369497.0,2024-05-21,4522,ROR WATER,450.0,317457,416169,,2024-05-21,ROR WATER,Cash,Cash and cash equivalents:Cash on Hand:Cash on Hand - Main,369497,,,317457.0,,,450.0,450.0,4522,,PHP,
1,Reference No,4521,JOCAR WATER,400.0,369496.0,2024-05-21,4521,JOCAR WATER,400.0,317456,416168,,2024-05-21,JOCAR WATER,Cash,Cash and cash equivalents:Cash on Hand:Cash on Hand - Main,369496,,,317456.0,,,400.0,400.0,4521,,PHP,
1,Reference No,4529,AQUA PAG-ASA,400.0,369498.0,2024-05-21,4529,AQUA PAGASA,400.0,300789,416179,,2024-05-21,AQUA PAGASA,Cash,Cash and cash equivalents:Cash on Hand:Cash on Hand - Main,369498,,,300789.0,,,400.0,400.0,4529,,PHP,
1,Reference No,4528,CJUANSON WATER,450.0,369505.0,2024-05-21,4528,CJUANSON WATER,450.0,317462,416177,,2024-05-21,CJUANSON WATER,Cash,Cash and cash equivalents:Cash on Hand:Cash on Hand - Main,369505,,,317462.0,,,450.0,450.0,4528,,PHP,
1,Reference No,4527,CLEARFAD,450.0,369504.0,2024-05-21,4527,CLEARFAD,450.0,317461,416175,,2024-05-21,CLEARFAD,Cash,Cash and cash equivalents:Cash on Hand:Cash on Hand - Main,369504,,,317461.0,,,450.0,450.0,4527,,PHP,
1,Reference No,4526,WELLNESS CENTER BY SEVENT HEAVEN,600.0,369503.0,2024-05-21,4526,WELLNESS CENTER BY SEVENTH HAEVEN,600.0,300791,416173,,2024-05-21,WELLNESS CENTER BY SEVENTH HAEVEN,Cash,Cash and cash equivalents:Cash on Hand:Cash on Hand - Main,369503,,,300791.0,,,600.0,600.0,4526,,PHP,
1,Reference No,4533,SKOOL LUPANG PARI,450.0,369603.0,2024-05-22,4533,SKOOL LUPANG PARI,450.0,317471,416190,,2024-05-22,SKOOL LUPANG PARI,Cash,Cash and cash equivalents:Cash on Hand:Cash on Hand - Main,369603,,,317471.0,,,450.0,450.0,4533,,PHP,
1,Reference No,4532,JFR BLESSINGS,450.0,369601.0,2024-05-22,4532,JFR BLESSINGS,450.0,317470,416189,,2024-05-22,JFR BLESSINGS,Cash,Cash and cash equivalents:Cash on Hand:Cash on Hand - Main,369601,,,317470.0,,,450.0,450.0,4532,,PHP,
1,Reference No,4531,HRA WATER,450.0,369600.0,2024-05-22,4531,HRA WATER,450.0,317469,416188,,2024-05-22,HRA WATER,Cash,Cash and cash equivalents:Cash on Hand:Cash on Hand - Main,369600,,,317469.0,,,450.0,450.0,4531,,PHP,
1,Reference No,4530,AQUAFIL/PENUEL/MAYBUNGA,400.0,369506.0,2024-05-21,4530,AQUAFIL/ PENUEL/MAYBUNGA,400.0,300792,416187,,2024-05-21,AQUAFIL/ PENUEL/MAYBUNGA,Cash,Cash and cash equivalents:Cash on Hand:Cash on Hand - Main,369506,,,300792.0,,,400.0,400.0,4530,,PHP,
1,Reference No,4538,JAIME C.TAN CHICKEN STATION,600.0,369611.0,2024-05-22,4538,JAIME C TAN CHICKEN STATION,600.0,300878,416195,,2024-05-22,JAIME C TAN CHICKEN STATION,Cash,Cash and cash equivalents:Cash on Hand:Cash on Hand - Main,369611,,,300878.0,,,450.0,600.0,4538,,PHP,
1,Reference No,4537,AQUAMART,450.0,369607.0,2024-05-22,4537,AQUAMART,450.0,317474,416194,,2024-05-22,AQUAMART,Cash,Cash and cash equivalents:Cash on Hand:Cash on Hand - Main,369607,,,317474.0,,,450.0,450.0,4537,,PHP,
1,Reference No,4536,2BIGNA10,400.0,369606.0,2024-05-22,4536,2BIGNA10,400.0,316659,416193,,2024-05-22,2BIGNA10,Cash,Cash and cash equivalents:Cash on Hand:Cash on Hand - Main,369606,,,316659.0,,,400.0,400.0,4536,,PHP,
1,Reference No,4535,KJY PURESAFE,450.0,369605.0,2024-05-22,4535,KJY PURESAFE,450.0,317473,416192,,2024-05-22,KJY PURESAFE,Cash,Cash and cash equivalents:Cash on Hand:Cash on Hand - Main,369605,,,317473.0,,,450.0,450.0,4535,,PHP,
1,Reference No,4534,EXCEL WATER,450.0,369604.0,2024-05-22,4534,EXCEL WATER,450.0,317472,416191,,2024-05-22,EXCEL WATER,Cash,Cash and cash equivalents:Cash on Hand:Cash on Hand - Main,369604,,,317472.0,,,450.0,450.0,4534,,PHP,
1,Reference No,4539,AQUA 2000 MALINAO,400.0,369608.0,2024-05-22,4539,AQUA 2000 MALINAO,400.0,317475,416196,,2024-05-22,AQUA 2000 MALINAO,Cash,Cash and cash equivalents:Cash on Hand:Cash on Hand - Main,369608,,,317475.0,,,400.0,400.0,4539,,PHP,
1,Reference No,4541,PRIME SHOTS INC,1500.0,369610.0,2024-05-22,4541,PRIME SHOTS INC,1500.0,317477,416208,,2024-05-22,PRIME SHOTS INC,Cash,Cash and cash equivalents:Cash on Hand:Cash on Hand - Main,369610,,,317477.0,,,1350.0,1500.0,4541,,PHP,
1,Reference No,4540,JOSEPHS WELL,400.0,369609.0,2024-05-22,4540,JOSEPHS WELL,400.0,317476,416207,,2024-05-22,JOSEPHS WELL,Cash,Cash and cash equivalents:Cash on Hand:Cash on Hand - Main,369609,,,317476.0,,,400.0,400.0,4540,,PHP,
1,Reference No,4544,THN WATER,400.0,369614.0,2024-05-22,4544,THN WATER,400.0,317480,416211,,2024-05-22,THN WATER,Cash,Cash and cash equivalents:Cash on Hand:Cash on Hand - Main,369614,,,317480.0,,,400.0,400.0,4544,,PHP,
1,Reference No,4543,ANGELS SPRING,450.0,369613.0,2024-05-22,4543,ANGELS SPRING,450.0,317479,416210,,2024-05-22,ANGELS SPRING,Cash,Cash and cash equivalents:Cash on Hand:Cash on Hand - Main,369613,,,317479.0,,,450.0,450.0,4543,,PHP,
1,Reference No,4542,AQUASAFE KAPASIGAN,450.0,369612.0,2024-05-22,4542,AQUASAFE KAPASIGAN,450.0,317478,416209,,2024-05-22,AQUASAFE KAPASIGAN,Cash,Cash and cash equivalents:Cash on Hand:Cash on Hand - Main,369612,,,317478.0,,,450.0,450.0,4542,,PHP,
1,Reference No,4549,SHEPERDS WELL,450.0,369619.0,2024-05-22,4549,SHEPERDS WELL,450.0,317483,416216,,2024-05-22,SHEPERDS WELL,Cash,Cash and cash equivalents:Cash on Hand:Cash on Hand - Main,369619,,,317483.0,,,450.0,450.0,4549,,PHP,
1,Reference No,4548,AGAD WATER,400.0,369618.0,2024-05-22,4548,4GAD WATER,400.0,300880,416215,,2024-05-22,4GAD WATER,Cash,Cash and cash equivalents:Cash on Hand:Cash on Hand - Main,369618,,,300880.0,,,400.0,400.0,4548,,PHP,
1,Reference No,4547,RED WING,400.0,369617.0,2024-05-22,4547,RED WING,400.0,317482,416214,,2024-05-22,RED WING,Cash,Cash and cash equivalents:Cash on Hand:Cash on Hand - Main,369617,,,317482.0,,,400.0,400.0,4547,,PHP,
1,Reference No,4546,TRAN OASIS,400.0,369616.0,2024-05-22,4546,TRAN OASIS,400.0,317481,416213,,2024-05-22,TRAN OASIS,Cash,Cash and cash equivalents:Cash on Hand:Cash on Hand - Main,369616,,,317481.0,,,400.0,400.0,4546,,PHP,
1,Reference No,4545,SILVER ION,400.0,369615.0,2024-05-22,4545,SILVER ION ALKALINE,400.0,300879,416212,,2024-05-22,SILVER ION ALKALINE,Cash,Cash and cash equivalents:Cash on Hand:Cash on Hand - Main,369615,,,300879.0,,,400.0,400.0,4545,,PHP,
1,Reference No,4550,TWO AM,450.0,369620.0,2024-05-22,4550,TWO AM,450.0,317484,416227,,2024-05-22,TWO AM,Cash,Cash and cash equivalents:Cash on Hand:Cash on Hand - Main,369620,,,317484.0,,,450.0,450.0,4550,,PHP,
1,Reference No,4555,AQUARIAN DROPS,450.0,369627.0,2024-05-22,4555,AQUARIAN DROPS,450.0,317489,416232,,2024-05-22,AQUARIAN DROPS,Cash,Cash and cash equivalents:Cash on Hand:Cash on Hand - Main,369627,,,317489.0,,,450.0,450.0,4555,,PHP,
1,Reference No,4554,NICOYS ANGELA,450.0,369626.0,2024-05-22,4554,NICOYS ANGELA,450.0,317488,416231,,2024-05-22,NICOYS ANGELA,Cash,Cash and cash equivalents:Cash on Hand:Cash on Hand - Main,369626,,,317488.0,,,450.0,450.0,4554,,PHP,
1,Reference No,4553,EDTHEL,450.0,369625.0,2024-05-22,4553,EDTHEL,450.0,317487,416230,,2024-05-22,EDTHEL,Cash,Cash and cash equivalents:Cash on Hand:Cash on Hand - Main,369625,,,317487.0,,,450.0,450.0,4553,,PHP,
1,Reference No,4552,RIPPLE,450.0,369624.0,2024-05-22,4552,RIPPLE MINERAL,450.0,300882,416229,,2024-05-22,RIPPLE MINERAL,Cash,Cash and cash equivalents:Cash on Hand:Cash on Hand - Main,369624,,,300882.0,,,450.0,450.0,4552,,PHP,
1,Reference No,4551,HEALTHY WATER KALAWAAN,400.0,369621.0,2024-05-22,4551,HEALTHY WATER KALAWAAN,400.0,317485,416228,,2024-05-22,HEALTHY WATER KALAWAAN,Cash,Cash and cash equivalents:Cash on Hand:Cash on Hand - Main,369621,,,317485.0,,,400.0,400.0,4551,,PHP,
1,Reference No,4559,SILVER COOL,450.0,369629.0,2024-05-22,4559,SILVER COOL,450.0,317490,416236,,2024-05-22,SILVER COOL,Cash,Cash and cash equivalents:Cash on Hand:Cash on Hand - Main,369629,,,317490.0,,,450.0,450.0,4559,,PHP,
1,Reference No,4558,HONGKONG STYLE NOODLES LUCKYGOLD (BRL FOOD SERVICE MANAGEMENT INC),500.0,369640.0,2024-05-22,4558,HONGKONG STYLE NOODLES LUCKYGOLD,500.0,300888,416235,,2024-05-22,HONGKONG STYLE NOODLES LUCKYGOLD,Cash,Cash and cash equivalents:Cash on Hand:Cash on Hand - Main,369640,,,300888.0,,,450.0,500.0,4558,,PHP,
1,Reference No,4557,GOTO TOPPS PUREGOLD (BRL FOOD SERVICE MANAGEMENT INC),500.0,369623.0,2024-05-22,4557,GOTO TOPPS PUREGOLD,500.0,300881,416234,,2024-05-22,GOTO TOPPS PUREGOLD,Cash,Cash and cash equivalents:Cash on Hand:Cash on Hand - Main,369623,,,300881.0,,,450.0,500.0,4557,,PHP,
1,Reference No,4556,BRL FOODS SERVICE MANAGEMENT INC,500.0,369628.0,2024-05-22,4556,BRL FOODS SERVICE MANAGEMENT INC,500.0,300883,416233,,2024-05-22,BRL FOODS SERVICE MANAGEMENT INC,Cash,Cash and cash equivalents:Cash on Hand:Cash on Hand - Main,369628,,,300883.0,,,450.0,500.0,4556,,PHP,
1,Reference No,4560,SHALZ WATER,400.0,369630.0,2024-05-22,4560,SHALZ WATER,400.0,317491,416247,,2024-05-22,SHALZ WATER,Cash,Cash and cash equivalents:Cash on Hand:Cash on Hand - Main,369630,,,317491.0,,,400.0,400.0,4560,,PHP,
1,Reference No,4564,R' OUR HEALTH,450.0,369634.0,2024-05-22,4564,R' OUR HEALTH,450.0,317495,416251,,2024-05-22,R' OUR HEALTH,Cash,Cash and cash equivalents:Cash on Hand:Cash on Hand - Main,369634,,,317495.0,,,450.0,450.0,4564,,PHP,
1,Reference No,4563,HYDRAPURE,450.0,369633.0,2024-05-22,4563,HYDRAPURE,450.0,317494,416250,,2024-05-22,HYDRAPURE,Cash,Cash and cash equivalents:Cash on Hand:Cash on Hand - Main,369633,,,317494.0,,,450.0,450.0,4563,,PHP,
1,Reference No,4562,P. PLUS,450.0,369632.0,2024-05-22,4562,P. PLUS,450.0,317493,416249,,2024-05-22,P. PLUS,Cash,Cash and cash equivalents:Cash on Hand:Cash on Hand - Main,369632,,,317493.0,,,450.0,450.0,4562,,PHP,
1,Reference No,4561,VIRGO,450.0,369631.0,2024-05-22,4561,VIRGO,450.0,317492,416248,,2024-05-22,VIRGO,Cash,Cash and cash equivalents:Cash on Hand:Cash on Hand - Main,369631,,,317492.0,,,450.0,450.0,4561,,PHP,
1,Reference No,4568,AMBER GOLDEN CUP REST.,500.0,369638.0,2024-05-22,4568,AMBER GOLDEN CUP REST MANILA,500.0,300886,416255,,2024-05-22,AMBER GOLDEN CUP REST MANILA,Cash,Cash and cash equivalents:Cash on Hand:Cash on Hand - Main,369638,,,300886.0,,,450.0,500.0,4568,,PHP,
1,Reference No,4567,YUSUS FOODS INC,1500.0,369637.0,2024-05-22,4567,YUSUS FOODS INC,1500.0,300885,416254,,2024-05-22,YUSUS FOODS INC,Cash,Cash and cash equivalents:Cash on Hand:Cash on Hand - Main,369637,,,300885.0,,,1350.0,1500.0,4567,,PHP,
1,Reference No,4566,ABLE ALKALINE WATER,400.0,369636.0,2024-05-22,4566,ABLE ALKALINE ALKALINE,400.0,300884,416253,,2024-05-22,ABLE ALKALINE ALKALINE,Cash,Cash and cash equivalents:Cash on Hand:Cash on Hand - Main,369636,,,300884.0,,,400.0,400.0,4566,,PHP,
1,Reference No,4565,73 EAST,450.0,369635.0,2024-05-22,4565,73 EAST,450.0,317496,416252,,2024-05-22,73 EAST,Cash,Cash and cash equivalents:Cash on Hand:Cash on Hand - Main,369635,,,317496.0,,,450.0,450.0,4565,,PHP,
1,Reference No,4569,AQUA 2000 - UGONG,450.0,369639.0,2024-05-22,4569,AQUA 2000 UGONG,450.0,300887,416256,,2024-05-22,AQUA 2000 UGONG,Cash,Cash and cash equivalents:Cash on Hand:Cash on Hand - Main,369639,,,300887.0,,,450.0,450.0,4569,,PHP,
1,Reference No,4574,YEAR LUCK FOOD & INDUSTRIAL INC,500.0,369645.0,2024-05-25,4574,YEAR LUCK MANILA MEGA A MXING ROOM,500.0,300890,416271,,2024-05-25,YEAR LUCK MANILA MEGA A MXING ROOM,Cash,Cash and cash equivalents:Cash on Hand:Cash on Hand - Main,369645,,,300890.0,,,500.0,500.0,4574,,PHP,
1,Reference No,4573,MB WATER,450.0,369644.0,2024-05-25,4573,MB WATER,450.0,317499,416270,,2024-05-25,MB WATER,Cash,Cash and cash equivalents:Cash on Hand:Cash on Hand - Main,369644,,,317499.0,,,450.0,450.0,4573,,PHP,
1,Reference No,4572,GREENWOODS MACH 2,450.0,369643.0,2024-05-25,4572,GREENWOODS MACH 2,450.0,300889,416269,,2024-05-25,GREENWOODS MACH 2,Cash,Cash and cash equivalents:Cash on Hand:Cash on Hand - Main,369643,,,300889.0,,,450.0,450.0,4572,,PHP,
1,Reference No,4571,GREENWOODS WATER,450.0,369642.0,2024-05-25,4571,GREENWOODS WATER,450.0,317498,416268,,2024-05-25,GREENWOODS WATER,Cash,Cash and cash equivalents:Cash on Hand:Cash on Hand - Main,369642,,,317498.0,,,450.0,450.0,4571,,PHP,
1,Reference No,4570,DE VILLA WATER,400.0,369641.0,2024-05-25,4570,DE VILLA WATER,400.0,317497,416267,,2024-05-25,DE VILLA WATER,Cash,Cash and cash equivalents:Cash on Hand:Cash on Hand - Main,369641,,,317497.0,,,400.0,400.0,4570,,PHP,
1,Reference No,4579,AQUA SPIRIT,450.0,369650.0,2024-05-25,4579,AQUA SPIRIT,450.0,317502,416276,,2024-05-25,AQUA SPIRIT,Cash,Cash and cash equivalents:Cash on Hand:Cash on Hand - Main,369650,,,317502.0,,,450.0,450.0,4579,,PHP,
1,Reference No,4578,WATER TERRACES PASIG,450.0,369649.0,2024-05-25,4578,WATER TERRACES PASIG,450.0,317501,416275,,2024-05-25,WATER TERRACES PASIG,Cash,Cash and cash equivalents:Cash on Hand:Cash on Hand - Main,369649,,,317501.0,,,450.0,450.0,4578,,PHP,
1,Reference No,4577,SEQUANA WATER,500.0,369648.0,2024-05-25,4577,SEQUANA,500.0,300892,416274,,2024-05-25,SEQUANA,Cash,Cash and cash equivalents:Cash on Hand:Cash on Hand - Main,369648,,,300892.0,,,500.0,500.0,4577,,PHP,
1,Reference No,4576,JLM WATER,450.0,369647.0,2024-05-25,4576,JLM WATER,450.0,317500,416273,,2024-05-25,JLM WATER,Cash,Cash and cash equivalents:Cash on Hand:Cash on Hand - Main,369647,,,317500.0,,,450.0,450.0,4576,,PHP,
1,Reference No,4575,BLEUVILLE WATER,450.0,369646.0,2024-05-25,4575,BLEAUVILLE,450.0,300891,416272,,2024-05-25,BLEAUVILLE,Cash,Cash and cash equivalents:Cash on Hand:Cash on Hand - Main,369646,,,300891.0,,,450.0,450.0,4575,,PHP,
1,Reference No,4580,AQUATIQUE SPRING,800.0,369651.0,2024-05-25,4580,AQUATIQUE SPRING,800.0,300893,416281,,2024-05-25,AQUATIQUE SPRING,Cash,Cash and cash equivalents:Cash on Hand:Cash on Hand - Main,369651,,,300893.0,,,800.0,800.0,4580,,PHP,
1,Reference No,4584,VALDESCO 2000,450.0,369655.0,2024-05-25,4584,VALDESCO 2000,450.0,317506,416289,,2024-05-25,VALDESCO 2000,Cash,Cash and cash equivalents:Cash on Hand:Cash on Hand - Main,369655,,,317506.0,,,450.0,450.0,4584,,PHP,
1,Reference No,4583,AQUA CRISRRAINE,450.0,369654.0,2024-05-25,4583,AQUA CRISRRAINE,450.0,317505,416287,,2024-05-25,AQUA CRISRRAINE,Cash,Cash and cash equivalents:Cash on Hand:Cash on Hand - Main,369654,,,317505.0,,,450.0,450.0,4583,,PHP,
1,Reference No,4582,MILKY WAY,450.0,369653.0,2024-05-25,4582,MILKY WAY,450.0,317504,416285,,2024-05-25,MILKY WAY,Cash,Cash and cash equivalents:Cash on Hand:Cash on Hand - Main,369653,,,317504.0,,,450.0,450.0,4582,,PHP,
1,Reference No,4581,AQUA SHAILET,450.0,369652.0,2024-05-25,4581,AQUA SHAILET,450.0,317503,416283,,2024-05-25,AQUA SHAILET,Cash,Cash and cash equivalents:Cash on Hand:Cash on Hand - Main,369652,,,317503.0,,,450.0,450.0,4581,,PHP,
1,Reference No,4589,KERJEP WATER,450.0,369660.0,2024-05-25,4589,KERJEP WATER,450.0,317509,416296,,2024-05-25,KERJEP WATER,Cash,Cash and cash equivalents:Cash on Hand:Cash on Hand - Main,369660,,,317509.0,,,450.0,450.0,4589,,PHP,
1,Reference No,4588,SABATER HOSPITAL,500.0,369659.0,2024-05-25,4588,SABATER HOSPITAL,500.0,300895,416295,,2024-05-25,SABATER HOSPITAL,Cash,Cash and cash equivalents:Cash on Hand:Cash on Hand - Main,369659,,,300895.0,,,500.0,500.0,4588,,PHP,
1,Reference No,4587,JOCAR WATER,400.0,369658.0,2024-05-25,4587,JOCAR (URBANO),400.0,300894,416294,,2024-05-25,JOCAR (URBANO),Cash,Cash and cash equivalents:Cash on Hand:Cash on Hand - Main,369658,,,300894.0,,,400.0,400.0,4587,,PHP,
1,Reference No,4586,LIVING WATER - PINAGBUHATAN,450.0,369657.0,2024-05-25,4586,LIVING WATER - PINAGBUHATAN,450.0,317508,416293,,2024-05-25,LIVING WATER - PINAGBUHATAN,Cash,Cash and cash equivalents:Cash on Hand:Cash on Hand - Main,369657,,,317508.0,,,450.0,450.0,4586,,PHP,
1,Reference No,4585,AQUA CKS,400.0,369656.0,2024-05-25,4585,AQUA CKS,400.0,317507,416291,,2024-05-25,AQUA CKS,Cash,Cash and cash equivalents:Cash on Hand:Cash on Hand - Main,369656,,,317507.0,,,400.0,400.0,4585,,PHP,
1,Reference No,4592,CRUZETTE WATER,450.0,369663.0,2024-05-25,4592,CRUZETTE WATER,450.0,317512,416303,,2024-05-25,CRUZETTE WATER,Cash,Cash and cash equivalents:Cash on Hand:Cash on Hand - Main,369663,,,317512.0,,,450.0,450.0,4592,,PHP,
1,Reference No,4591,ONE SOURCE,450.0,369662.0,2024-05-25,4591,ONE SOURCE,450.0,317511,416301,,2024-05-25,ONE SOURCE,Cash,Cash and cash equivalents:Cash on Hand:Cash on Hand - Main,369662,,,317511.0,,,450.0,450.0,4591,,PHP,
1,Reference No,4590,AQ LIQUE WATER,450.0,369661.0,2024-05-25,4590,AQ LIQUE WATER,450.0,317510,416299,,2024-05-25,AQ LIQUE WATER,Cash,Cash and cash equivalents:Cash on Hand:Cash on Hand - Main,369661,,,317510.0,,,450.0,450.0,4590,,PHP,
1,Reference No,4679,PUREFACT WRS,500.0,366373.0,2024-05-24,4679,MOJICA WATER REFILLING STATION,500.0,152758,416313,,2024-05-24,MOJICA WATER REFILLING STATION,Cash,Cash and cash equivalents:Cash on Hand:Cash on Hand - Main,366373,,,152758.0,,,500.0,500.0,4679,,PHP,
1,Reference No,4677,PURE FLOW WS,450.0,366379.0,2024-05-24,4677,DAIPRINCE WATER STATION (534),450.0,152764,416311,,2024-05-24,Daiprince Water Station (534),Cash,Cash and cash equivalents:Cash on Hand:Cash on Hand - Main,366379,,,152764.0,,,450.0,450.0,4677,,PHP,
1,Reference No,4665,PALMDALE HEIGHTS CONDOMINIUM CORP.,500.0,370440.0,2024-05-24,4665,PALMDALE HEIGHTS CONDOMINIUM CORP.,500.0,317030,416309,,2024-05-24,PALMDALE HEIGHTS CONDOMINIUM CORP.,Cash,Cash and cash equivalents:Cash on Hand:Cash on Hand - Main,370440,,,317030.0,,,500.0,500.0,4665,,PHP,
1,Reference No,4656,AQUA 2000 SAN ANTONIO,450.0,369889.0,2024-05-22,4656,AQUA 2000 SAN ANTONIO,450.0,316838,416307,,2024-05-22,AQUA 2000 SAN ANTONIO,Cash,Cash and cash equivalents:Cash on Hand:Cash on Hand - Main,369889,,,316838.0,,,400.0,450.0,4656,,PHP,
1,Reference No,4593,JDLG WATER,400.0,369664.0,2024-05-25,4593,JDLG WATER,400.0,317513,416305,,2024-05-25,JDLG WATER,Cash,Cash and cash equivalents:Cash on Hand:Cash on Hand - Main,369664,,,317513.0,,,400.0,400.0,4593,,PHP,
1,Reference No,4683,ASIAN FASTFOOD CORP,1800.0,366183.0,2024-05-28,4683,MCDONALD'S - KARANGALAN (445),1800.0,152697,416315,,2024-05-28,McDonald's - Karangalan (445),Cash,Cash and cash equivalents:Cash on Hand:Cash on Hand - Main,366183,,,152697.0,,,1500.0,1800.0,4683,,PHP,
1,Reference No,4680,PUREFACT WRS,400.0,369731.0,2024-05-24,4680,PUREFACT WRS,400.0,316712,416314,,2024-05-24,PUREFACT WRS,Cash,Cash and cash equivalents:Cash on Hand:Cash on Hand - Main,369731,,,316712.0,,,400.0,400.0,4680,,PHP,
1,Reference No,4751,PPI HOLDINGS INC.,700.0,370948.0,2024-05-28,4751,PPI HOLDINGS INC.,700.0,318326,416316,,2024-05-28,PPI HOLDINGS INC.,Cash,Cash and cash equivalents:Cash on Hand:Cash on Hand - Main,370948,,,318326.0,,,700.0,700.0,4751,,PHP,
1,Reference No,4907,JFE TECHNO MANILA INC,1500.0,369224.0,2024-05-28,4907,JFE TECHNO MANILA INC,1500.0,316589,416340,,2024-05-28,JFE TECHNO MANILA INC,Cash,Cash and cash equivalents:Cash on Hand:Cash on Hand - Main,369224,,,316589.0,,,1500.0,1500.0,4907,,PHP,
1,Reference No,4906,AQUA ROB,900.0,369902.0,2024-05-28,4906,AQUA ROB,900.0,316845,416339,,2024-05-28,AQUA ROB,Cash,Cash and cash equivalents:Cash on Hand:Cash on Hand - Main,369902,,,316845.0,,,450.0,900.0,4906,,PHP,
1,Reference No,4977,MEDLINE DIALYSIS CENTER,1500.0,370059.0,2024-05-29,4977,MEDLINE DIALYSIS CENTER RAW,1500.0,300912,416359,,2024-05-29,MEDLINE DIALYSIS CENTER RAW,Cash,Cash and cash equivalents:Cash on Hand:Cash on Hand - Main,370059,,,300912.0,,,1500.0,1500.0,4977,,PHP,
1,Reference No,4972,SAN MATEO DOCTORS HOSPITAL INC,1500.0,365955.0,2024-05-29,4972,FRANCYN DIALYSIS CENTER,1500.0,152111,416358,,2024-05-29,FRANCYN DIALYSIS CENTER,Cash,Cash and cash equivalents:Cash on Hand:Cash on Hand - Main,365955,,,152111.0,,,1500.0,1500.0,4972,,PHP,
1,Reference No,4970,KIDNEYHEALTHCARE DIALYSIS CENTER,1500.0,365945.0,2024-05-29,4970,"KIDNEY HEALTHCARE DIALYSIS CENTER, INC.",1500.0,152101,416357,,2024-05-29,"KIDNEY HEALTHCARE DIALYSIS CENTER, INC.",Cash,Cash and cash equivalents:Cash on Hand:Cash on Hand - Main,365945,,,152101.0,,,1500.0,1500.0,4970,,PHP,
1,Reference No,726744,ONE DIALYSIS CENTER,9500.0,352840.0,2024-05-02,726744,ONE CAINTA CENTER POU,9500.0,295048,416673,,2024-05-02,ONE CAINTA CENTER POU,Cash,Cash and cash equivalents:Cash on Hand:Cash on Hand - Main,352840,,,295048.0,,,3500.0,9500.0,726744,,PHP,
1,Reference No,729338,METRO NORTH MEDICAL CENTER AND HOSPITAL INC,4900.0,358596.0,2024-05-09,729338,METRO NORTH MEDICAL CENTER AND HOSPITAL INC. MAYNILAD,4900.0,299601,416781,,2024-05-09,METRO NORTH MEDICAL CENTER AND HOSPITAL INC. MAYNILAD,Cash,Cash and cash equivalents:Cash on Hand:Cash on Hand - Main,358596,,,299601.0,,,4900.0,4900.0,729338,,PHP,
1,Reference No,725599,MEDLINE DIALYSIS CENTER,1500.0,370060.0,2024-05-13,725599,MEDLINE DIALYSIS RAW,1500.0,301951,416909,,2024-05-13,MEDLINE DIALYSIS RAW,Cash,Cash and cash equivalents:Cash on Hand:Cash on Hand - Main,370060,,,301951.0,,,1500.0,1500.0,725599,,PHP,
1,Reference No,725741,WATER GENIE,700.0,370426.0,2024-05-07,725741,WATER GENIE,700.0,317017,416918,,2024-05-07,WATER GENIE,Cash,Cash and cash equivalents:Cash on Hand:Cash on Hand - Main,370426,,,317017.0,,,500.0,700.0,725741,,PHP,
1,Reference No,725745,GOLDEN CLEAR WRS,700.0,370430.0,2024-05-07,725745,GOLDEN CLEAR WRS,700.0,317020,416920,,2024-05-07,GOLDEN CLEAR WRS,Cash,Cash and cash equivalents:Cash on Hand:Cash on Hand - Main,370430,,,317020.0,,,500.0,700.0,725745,,PHP,
1,Reference No,725744,AQUABELL WRS,700.0,370431.0,2024-05-07,725744,AQUABELL WRS,700.0,317021,416919,,2024-05-07,AQUABELL WRS,Cash,Cash and cash equivalents:Cash on Hand:Cash on Hand - Main,370431,,,317021.0,,,500.0,700.0,725744,,PHP,
1,Reference No,725750,VARADERO BEACH RESORT DEEPWELL,4700.0,370436.0,2024-05-07,725750,VARADERO BEACH RESORT DEEPWELL,4700.0,317027,416925,,2024-05-07,VARADERO BEACH RESORT DEEPWELL,Cash,Cash and cash equivalents:Cash on Hand:Cash on Hand - Main,370436,,,317027.0,,,1000.0,4700.0,725750,,PHP,
1,Reference No,725749,DOC'S MAD BATTER CAFÉ,4700.0,370435.0,2024-05-07,725749,DOC'S MAD BATTER CAFÉ,4700.0,317026,416924,,2024-05-07,DOC'S MAD BATTER CAFÉ,Cash,Cash and cash equivalents:Cash on Hand:Cash on Hand - Main,370435,,,317026.0,,,1000.0,4700.0,725749,,PHP,
1,Reference No,725748,JACOB'S WELL WRS,700.0,370434.0,2024-05-07,725748,JACOB'S WELL WRS,700.0,317025,416923,,2024-05-07,JACOB'S WELL WRS,Cash,Cash and cash equivalents:Cash on Hand:Cash on Hand - Main,370434,,,317025.0,,,500.0,700.0,725748,,PHP,
1,Reference No,725747,WATER GOURMET WRS,700.0,370433.0,2024-05-07,725747,WATER GOURMET WRS,700.0,317024,416922,,2024-05-07,WATER GOURMET WRS,Cash,Cash and cash equivalents:Cash on Hand:Cash on Hand - Main,370433,,,317024.0,,,500.0,700.0,725747,,PHP,
1,Reference No,725746,PURE FRESH WRS,700.0,370432.0,2024-05-07,725746,PURE FRESH WRS,700.0,317023,416921,,2024-05-07,PURE FRESH WRS,Cash,Cash and cash equivalents:Cash on Hand:Cash on Hand - Main,370432,,,317023.0,,,500.0,700.0,725746,,PHP,
1,Reference No,726261,ANGELA'S CARWASH & REFRESHMENT,550.0,366189.0,2024-05-15,726261,ANGELA'S CARWASH & REFRESHMENT CORNER (ANGONO),550.0,152703,416939,,2024-05-15,ANGELA'S CARWASH & REFRESHMENT CORNER (ANGONO),Cash,Cash and cash equivalents:Cash on Hand:Cash on Hand - Main,366189,,,152703.0,,,500.0,550.0,726261,,PHP,
1,Reference No,726266,AQUA DROPS,550.0,366186.0,2024-05-15,726266,AQUA DROPS WS,550.0,152700,416941,,2024-05-15,AQUA DROPS WS,Cash,Cash and cash equivalents:Cash on Hand:Cash on Hand - Main,366186,,,152700.0,,,500.0,550.0,726266,,PHP,
1,Reference No,726265,JK2 WATER TRADING,550.0,370446.0,2024-05-15,726265,JK2 WATER TRADING,550.0,317036,416940,,2024-05-15,JK2 WATER TRADING,Cash,Cash and cash equivalents:Cash on Hand:Cash on Hand - Main,370446,,,317036.0,,,500.0,550.0,726265,,PHP,
1,Reference No,726276,OCEAN BRO,500.0,370858.0,2024-05-29,726276,OCEAN BRO ALKALINE,500.0,301059,416942,,2024-05-29,OCEAN BRO ALKALINE,Cash,Cash and cash equivalents:Cash on Hand:Cash on Hand - Main,370858,,,301059.0,,,500.0,500.0,726276,,PHP,
1,Reference No,726637,DELI HUNTEN SNACK BAR/WHARF MANOR,4700.0,370438.0,2024-05-07,726637,DELI HUNTEN SNACK BAR/WHARF MANOR,4700.0,317029,416949,,2024-05-07,DELI HUNTEN SNACK BAR/WHARF MANOR,Cash,Cash and cash equivalents:Cash on Hand:Cash on Hand - Main,370438,,,317029.0,,,1000.0,4700.0,726637,,PHP,
1,Reference No,726636,SIMPLE LIVING HOTEL INC DEEPWELL,4700.0,370437.0,2024-05-07,726636,SIMPLE LIVING HOTEL INC DEEPWELL,4700.0,317028,416948,,2024-05-07,SIMPLE LIVING HOTEL INC DEEPWELL,Cash,Cash and cash equivalents:Cash on Hand:Cash on Hand - Main,370437,,,317028.0,,,1000.0,4700.0,726636,,PHP,
1,Reference No,726750,PERSAM PWS,700.0,367805.0,2024-05-02,726750,PERSAM PWS,700.0,314083,416953,,2024-05-02,PERSAM PWS,Cash,Cash and cash equivalents:Cash on Hand:Cash on Hand - Main,367805,,,314083.0,,,700.0,700.0,726750,,PHP,
1,Reference No,727923,AQUA LIFE,500.0,367423.0,2024-05-02,727923,AQUA LIFE,500.0,,416965,,2024-05-02,AQUA LIFE,Cash,Cash and cash equivalents:Cash on Hand:Cash on Hand - Main,,,,,,,500.0,500.0,727923,,PHP,
1,Reference No,727918,AQUASAM,550.0,362354.0,2024-05-02,727918,AQUASAM,550.0,,416964,,2024-05-02,Aquasam,Cash,Cash and cash equivalents:Cash on Hand:Cash on Hand - Main,,,,,,,550.0,550.0,727918,,PHP,
1,Reference No,727933,DM3J WATER REFILLING STATION,500.0,368634.0,2024-05-13,727933,DM3J WATER REFILLING STATION,500.0,315717,416970,,2024-05-13,DM3J WATER REFILLING STATION,Cash,Cash and cash equivalents:Cash on Hand:Cash on Hand - Main,368634,,,315717.0,,,500.0,500.0,727933,,PHP,
1,Reference No,727932,MIB WATER STATION,500.0,368636.0,2024-05-13,727932,MIB WATER STATION,500.0,315718,416969,,2024-05-13,MIB WATER STATION,Cash,Cash and cash equivalents:Cash on Hand:Cash on Hand - Main,368636,,,315718.0,,,500.0,500.0,727932,,PHP,
1,Reference No,727931,PACO ROMAN WATER STATION,500.0,368589.0,2024-05-13,727931,PACO ROMAN WATER STATION,500.0,315713,416968,,2024-05-13,PACO ROMAN WATER STATION,Cash,Cash and cash equivalents:Cash on Hand:Cash on Hand - Main,368589,,,315713.0,,,500.0,500.0,727931,,PHP,
1,Reference No,727930,WATER COM. STA ANA,300.0,368624.0,2024-05-13,727930,WATER COM. STA ANA,300.0,315715,416967,,2024-05-13,WATER COM. STA ANA,Cash,Cash and cash equivalents:Cash on Hand:Cash on Hand - Main,368624,,,315715.0,,,300.0,300.0,727930,,PHP,
1,Reference No,727928,KLEAR OOZE WATER STATION,1000.0,368625.0,2024-05-13,727928,KLEAR OOZE WATER STATION,1000.0,315716,416966,,2024-05-13,KLEAR OOZE WATER STATION,Cash,Cash and cash equivalents:Cash on Hand:Cash on Hand - Main,368625,,,315716.0,,,1000.0,1000.0,727928,,PHP,
1,Reference No,727936,VIVA INTERNATIONAL FOOD AND RESTAURANT INC,500.0,369038.0,2024-05-13,727936,VIVA INTERNATIONAL FOOD AND RESTAURANT INC,500.0,316439,416971,,2024-05-13,VIVA INTERNATIONAL FOOD AND RESTAURANT INC,Cash,Cash and cash equivalents:Cash on Hand:Cash on Hand - Main,369038,,,316439.0,,,500.0,500.0,727936,,PHP,
1,Reference No,727945,WATER MARKET,750.0,368637.0,2024-05-21,727945,WATER MARKET,750.0,316091,416973,,2024-05-21,WATER MARKET,Cash,Cash and cash equivalents:Cash on Hand:Cash on Hand - Main,368637,,,316091.0,,,750.0,750.0,727945,,PHP,
1,Reference No,727937,UCC CLOCKWORK,500.0,369037.0,2024-05-13,727937,UCC CLOCKWORK,500.0,316438,416972,,2024-05-13,UCC CLOCKWORK,Cash,Cash and cash equivalents:Cash on Hand:Cash on Hand - Main,369037,,,316438.0,,,500.0,500.0,727937,,PHP,
1,Reference No,727948,GOOD FOOD - GOOD MOOD INC,2100.0,368946.0,2024-05-24,727948,GOOD FOOD GOOD MOOD INC,2100.0,316366,416975,,2024-05-24,GOOD FOOD GOOD MOOD INC,Cash,Cash and cash equivalents:Cash on Hand:Cash on Hand - Main,368946,,,316366.0,,,1500.0,2100.0,727948,,PHP,
1,Reference No,727947,ZENDEN'S WATER REFILLING STATION,500.0,368629.0,2024-05-21,727947,ZENDEN'S WATER REFILLING STATION,500.0,316086,416974,,2024-05-21,ZENDEN'S WATER REFILLING STATION,Cash,Cash and cash equivalents:Cash on Hand:Cash on Hand - Main,368629,,,316086.0,,,500.0,500.0,727947,,PHP,
1,Reference No,729341,LUK FOO INTERNATIONAL CUISINE INC,1400.0,368045.0,2024-05-09,729341,LUK FOO INTERNATIONAL CUISINE INC,1400.0,,416995,,2024-05-09,LUK FOO INTERNATIONAL CUISINE INC,Cash,Cash and cash equivalents:Cash on Hand:Cash on Hand - Main,,,,,,,1400.0,1400.0,729341,,PHP,
1,Reference No,729337,EST NAMNAM INC,1100.0,368532.0,2024-05-03,729337,EST NAMNAM INC,1100.0,314793,416994,,2024-05-03,EST NAMNAM INC,Cash,Cash and cash equivalents:Cash on Hand:Cash on Hand - Main,368532,,,314793.0,,,1100.0,1100.0,729337,,PHP,
1,Reference No,729336,THE MESHALL/TMG EXPRESS INC,1100.0,367829.0,2024-05-03,729336,THE MESHALL/TMG EXPRESS INC,1100.0,314092,416993,,2024-05-03,THE MESHALL/TMG EXPRESS INC,Cash,Cash and cash equivalents:Cash on Hand:Cash on Hand - Main,367829,,,314092.0,,,1100.0,1100.0,729336,,PHP,
1,Reference No,729346,SUBWAY FRIDGE TOWN DXXA TOWER,600.0,370856.0,2024-05-14,729346,SUBWAY BRIDGE TOWN EXXA TOWER MAYNILAD,600.0,301057,417000,,2024-05-14,SUBWAY BRIDGE TOWN EXXA TOWER MAYNILAD,Cash,Cash and cash equivalents:Cash on Hand:Cash on Hand - Main,370856,,,301057.0,,,600.0,600.0,729346,,PHP,
1,Reference No,729345,RAMEN COOL JAPANESE RESTAURANT,600.0,370887.0,2024-05-14,729345,RAMEN COOL JAPANESE RESTAURANT,600.0,317070,416999,,2024-05-14,Ramen Cool Japanese Restaurant,Cash,Cash and cash equivalents:Cash on Hand:Cash on Hand - Main,370887,,,317070.0,,,500.0,600.0,729345,,PHP,
1,Reference No,729344,TYCOON CENTRE CONDOMINIUM,600.0,370888.0,2024-05-14,729344,TYCOON CENTRE CONDOMINIUM,600.0,225459,416998,,2024-05-14,TYCOON CENTRE CONDOMINIUM,Cash,Cash and cash equivalents:Cash on Hand:Cash on Hand - Main,100-0003779,,,225459.0,,,100.0,600.0,729344,,PHP,
1,Reference No,729343,EXQUADRA INC,2400.0,370024.0,2024-05-14,729343,EXQUADRA INC,2400.0,316932,416997,,2024-05-14,EXQUADRA INC,Cash,Cash and cash equivalents:Cash on Hand:Cash on Hand - Main,370024,,,316932.0,,,2000.0,2400.0,729343,,PHP,
1,Reference No,729342,NORTH GRILL HOUSE,700.0,368038.0,2024-05-09,729342,NORTH GRILL HOUSE,700.0,,416996,,2024-05-09,NORTH GRILL HOUSE,Cash,Cash and cash equivalents:Cash on Hand:Cash on Hand - Main,,,,,,,700.0,700.0,729342,,PHP,
1,Reference No,729347,UHOME HOLDING GROUP INC,700.0,370857.0,2024-05-14,729347,UHOME HOLDING GROUP INC MAYNILAD,700.0,301058,417001,,2024-05-14,UHOME HOLDING GROUP INC MAYNILAD,Cash,Cash and cash equivalents:Cash on Hand:Cash on Hand - Main,370857,,,301058.0,,,700.0,700.0,729347,,PHP,
1,Reference No,729349,WENPHIL CORPORATION,600.0,370889.0,2024-05-14,729349,WENPHIL CORPORATION,600.0,317072,417002,,2024-05-14,WENPHIL CORPORATION,Cash,Cash and cash equivalents:Cash on Hand:Cash on Hand - Main,370889,,,317072.0,,,500.0,600.0,729349,,PHP,
1,Reference No,729722,AKIRE WATER REFILLING STATION,700.0,367924.0,2024-05-08,729722,AKIRE WATER REFILLING STATION,700.0,315596,417008,,2024-05-08,AKIRE WATER REFILLING STATION,Cash,Cash and cash equivalents:Cash on Hand:Cash on Hand - Main,367924,,,315596.0,,,700.0,700.0,729722,,PHP,
1,Reference No,729720,THE MATCHA TOKYO GATEWAY 2,700.0,370019.0,2024-05-08,729720,THE MATCHA TOKYO GATEWAY 2,700.0,316930,417007,,2024-05-08,THE MATCHA TOKYO GATEWAY 2,Cash,Cash and cash equivalents:Cash on Hand:Cash on Hand - Main,370019,,,316930.0,,,500.0,700.0,729720,,PHP,
1,Reference No,729726,MANAM,1100.0,367922.0,2024-05-08,729726,MANAM,1100.0,315592,417011,,2024-05-08,MANAM,Cash,Cash and cash equivalents:Cash on Hand:Cash on Hand - Main,367922,,,315592.0,,,1100.0,1100.0,729726,,PHP,
1,Reference No,729725,AGUA BAY,700.0,367923.0,2024-05-08,729725,AGUA BAY,700.0,315594,417010,,2024-05-08,AGUA BAY,Cash,Cash and cash equivalents:Cash on Hand:Cash on Hand - Main,367923,,,315594.0,,,700.0,700.0,729725,,PHP,
1,Reference No,729723,OZONE PURE KAUNLARAN,700.0,367908.0,2024-05-08,729723,OZONE PURE KAUNLARAN,700.0,314249,417009,,2024-05-08,OZONE PURE KAUNLARAN,Cash,Cash and cash equivalents:Cash on Hand:Cash on Hand - Main,367908,,,314249.0,,,700.0,700.0,729723,,PHP,
1,Reference No,729727,AQUA TRESE HEALTHY DRINKING WATER,500.0,367915.0,2024-05-10,729727,AQUA TRESE HEALTHY DRINKING WATER,500.0,315584,417012,,2024-05-10,AQUA TRESE HEALTHY DRINKING WATER,Cash,Cash and cash equivalents:Cash on Hand:Cash on Hand - Main,367915,,,315584.0,,,500.0,500.0,729727,,PHP,
1,Reference No,729730,CENTRAL KITCHEN / MOMENT GROCER INC,1650.0,362548.0,2024-05-14,729730,CENTRAL KITCHEN / MOMENT GROCER INC,1650.0,308768,417014,,2024-05-14,CENTRAL KITCHEN / MOMENT GROCER INC,Cash,Cash and cash equivalents:Cash on Hand:Cash on Hand - Main,362548,,,308768.0,,,1650.0,1650.0,729730,,PHP,
1,Reference No,729728,MEET FRESH,1372.0,367904.0,2024-05-10,729728,MEET FRESH,1372.0,,417013,,2024-05-10,MEET FRESH,Cash,Cash and cash equivalents:Cash on Hand:Cash on Hand - Main,,,,,,,1372.0,1372.0,729728,,PHP,
1,Reference No,730349,AMDG WATER REFILLING STATION,600.0,370023.0,2024-05-05,730349,AMDG WATER REFILLING STATION,600.0,316931,417075,,2024-05-05,AMDG WATER REFILLING STATION,Cash,Cash and cash equivalents:Cash on Hand:Cash on Hand - Main,370023,,,316931.0,,,500.0,600.0,730349,,PHP,
1,Reference No,730895,OSPITAL NG KABATAAN NG DIPOLOG INC,500.0,369319.0,2024-05-06,730895,OSPITAL NG KABATAAN NG DIPOLOG INC,500.0,,417078,,2024-05-06,OSPITAL NG KABATAAN NG DIPOLOG INC,Cash,Cash and cash equivalents:Cash on Hand:Cash on Hand - Main,,,,,,,500.0,500.0,730895,,PHP,
1,Reference No,730735,KFC FOOD CORP,2800.0,368035.0,2024-05-02,730735,KFC FOOD CORP,2800.0,315635,417077,,2024-05-02,KFC FOOD CORP,Cash,Cash and cash equivalents:Cash In bank:CIB BDO 0776,368035,,,315635.0,,,2000.0,2800.0,730735,,PHP,
1,Reference No,730734,PHIL. ONWARDS REALTY CORP,2800.0,368050.0,2024-05-02,730734,PHIL. ONWARDS REALTY CORP,2800.0,315641,417076,,2024-05-02,PHIL. ONWARDS REALTY CORP,Cash,Cash and cash equivalents:Cash on Hand:Cash on Hand - Main,368050,,,315641.0,,,2000.0,2800.0,730734,,PHP,
1,Reference No,731092,ZENA ROSA FOOD CORP,700.0,368041.0,2024-05-10,731092,ZENA ROSA FOOD CORP,700.0,315639,417081,,2024-05-10,ZENA ROSA FOOD CORP,Cash,Cash and cash equivalents:Cash on Hand:Cash on Hand - Main,368041,,,315639.0,,,500.0,700.0,731092,,PHP,
1,Reference No,731091,TSOKO NUT BARITOV,550.0,367810.0,2024-05-10,731091,TSOKO NUT BARITOV,550.0,315554,417080,,2024-05-10,TSOKO NUT BARITOV,Cash,Cash and cash equivalents:Cash on Hand:Cash on Hand - Main,367810,,,315554.0,,,500.0,550.0,731091,,PHP,
1,Reference No,731093,TGI FRIDAYS BIÑAN,550.0,367541.0,2024-05-10,731093,TGI FRIDAYS BIÑAN,550.0,313772,417082,,2024-05-10,TGI FRIDAYS BIÑAN,Cash,Cash and cash equivalents:Cash on Hand:Cash on Hand - Main,367541,,,313772.0,,,550.0,550.0,731093,,PHP,
1,Reference No,731325,EST NAMNAM INC,550.0,369403.0,2024-05-03,731325,EST NAMNAM INC,550.0,,417088,,2024-05-03,EST NAMNAM INC,Cash,Cash and cash equivalents:Cash on Hand:Cash on Hand - Main,,,,,,,550.0,550.0,731325,,PHP,
1,Reference No,731293,UNO SIETE PURIFIED WATER STATION,550.0,370761.0,2024-05-27,731293,UNOSIETE PURIFIED WS,550.0,302167,417087,,2024-05-27,UNOSIETE PURIFIED WS,Cash,Cash and cash equivalents:Cash on Hand:Cash on Hand - Main,370761,,,302167.0,,,550.0,550.0,731293,,PHP,
1,Reference No,731291,KING BEE CHINESE FOOD CORP,550.0,370688.0,2024-05-27,731291,KING BEE CHINESE FOOD CORP,550.0,,417086,,2024-05-27,King Bee Chinese Food Corp,Cash,Cash and cash equivalents:Cash on Hand:Cash on Hand - Main,,,,,,,550.0,550.0,731291,,PHP,
1,Reference No,731290,TARTUFO RISTORANTE,600.0,369437.0,2024-05-09,731290,TARTUFO RISTORANTE,600.0,316650,417085,,2024-05-09,TARTUFO RISTORANTE,Cash,Cash and cash equivalents:Cash on Hand:Cash on Hand - Main,369437,,,316650.0,,,500.0,600.0,731290,,PHP,
1,Reference No,731176,A & G WRS,500.0,367255.0,2024-05-08,731176,A & G WRS,500.0,313506,417084,,2024-05-08,A & G WRS,Cash,Cash and cash equivalents:Cash on Hand:Cash on Hand - Main,367255,,,313506.0,,,500.0,500.0,731176,,PHP,
1,Reference No,731094,AQUA VINA WRS,600.0,366521.0,2024-05-10,731094,AQUA VINA,600.0,153385,417083,,2024-05-10,AQUA VINA,Cash,Cash and cash equivalents:Cash on Hand:Cash on Hand - Main,366521,,,153385.0,,,600.0,600.0,731094,,PHP,
1,Reference No,731328,MULTIFRESH,700.0,367804.0,2024-05-09,731328,MULTIFRESH,700.0,315532,417091,,2024-05-09,MULTIFRESH,Cash,Cash and cash equivalents:Cash on Hand:Cash on Hand - Main,367804,,,315532.0,,,700.0,700.0,731328,,PHP,
1,Reference No,731327,BDG8 WRS,700.0,367746.0,2024-05-03,731327,BDG8 WRS,700.0,,417090,,2024-05-03,BDG8 WRS,Cash,Cash and cash equivalents:Cash on Hand:Cash on Hand - Main,,,,,,,700.0,700.0,731327,,PHP,
1,Reference No,731326,HYDROLIFE ALKAMINEFIED WRS,700.0,367743.0,2024-05-03,731326,QC HYDROLIFE ALKAMINEFIED WRS,700.0,,417089,,2024-05-03,QC HYDROLIFE ALKAMINEFIED WRS,Cash,Cash and cash equivalents:Cash on Hand:Cash on Hand - Main,,,,,,,700.0,700.0,731326,,PHP,
1,Reference No,731333,AGUA VIDA,3500.0,367432.0,2024-05-13,731333,AGUA VIDA,3500.0,,417093,,2024-05-13,AGUA VIDA,Cash,Cash and cash equivalents:Cash on Hand:Cash on Hand - Main,,,,,,,3500.0,3500.0,731333,,PHP,
1,Reference No,731331,BENITO WRS,700.0,367970.0,2024-05-09,731331,BENITO WRS,700.0,314357,417092,,2024-05-09,BENITO WRS,Cash,Cash and cash equivalents:Cash on Hand:Cash on Hand - Main,367970,,,314357.0,,,700.0,700.0,731331,,PHP,
1,Reference No,1138,JG SALO,600.0,372096.0,2024-05-03,1138,SMN JG SALO MAYNILAD,600.0,301379,417149,,2024-05-03,SMN JG SALO MAYNILAD,Cash,Cash and cash equivalents:Cash In bank:CIB BDO 0776,372096,,,301379.0,,,600.0,600.0,1138,,PHP,
1,Reference No,1143,ASSAM TEA CORPORATION,700.0,373048.0,2024-05-07,1143,SMLM SERENITEA,700.0,302058,417154,,2024-05-07,SMLM SERENITEA,Cash,Cash and cash equivalents:Cash In bank:CIB BDO 0776,373048,,,302058.0,,,700.0,700.0,1143,,PHP,
1,Reference No,1142,CLASSIC SAVORY,700.0,373044.0,2024-05-07,1142,SMLM CLASSIC SAVORY,700.0,302054,417152,,2024-05-07,SMLM CLASSIC SAVORY,Cash,Cash and cash equivalents:Cash In bank:CIB BDO 0776,373044,,,302054.0,,,700.0,700.0,1142,,PHP,
1,Reference No,1336,LUIS V. FERRER WEST NAT'L HIGHSCHOOL,550.0,373573.0,2024-05-09,1336,LUIS Y FERRER WEST NAT'L HIGH SCHOOL DEEPWELL,550.0,302688,417151,,2024-05-09,LUIS Y FERRER WEST NAT'L HIGH SCHOOL DEEPWELL,Cash,Cash and cash equivalents:Cash In bank:CIB BDO 0776,373573,,,302688.0,,,550.0,550.0,1336,,PHP,
1,Reference No,1141,VIVA INTERNATIONAL FOOD AND RESTAURANT INC,700.0,372242.0,2024-05-03,1141,SMN YOGORINO VIVA INTERNATIONAL FOOD RESTAURANT INC MAYNILAD,700.0,301524,417150,,2024-05-03,SMN YOGORINO VIVA INTERNATIONAL FOOD RESTAURANT INC MAYNILAD,Cash,Cash and cash equivalents:Cash In bank:CIB BDO 0776,372242,,,301524.0,,,700.0,700.0,1141,,PHP,
1,Reference No,1180,YOSHINOYA,350.0,372174.0,2024-05-02,1180,MEGAMALL YOSHINOYA ICE,350.0,301448,417164,,2024-05-02,MEGAMALL YOSHINOYA ICE,Cash,Cash and cash equivalents:Cash In bank:CIB BDO 0776,372174,,,301448.0,,,350.0,350.0,1180,,PHP,
1,Reference No,1177,FROST BROS ICE CO INC,1200.0,372338.0,2024-05-02,1177,FROST BROS ICE CO. INC.,1200.0,301666,417162,,2024-05-02,FROST BROS ICE CO. INC.,Cash,Cash and cash equivalents:Cash In bank:CIB BDO 0776,372338,,,301666.0,,,1200.0,1200.0,1177,,PHP,
1,Reference No,1148,KOMORO FOODS CORP,350.0,371021.0,2024-05-13,1148,SMM KOMORO FOODS CORP MANILA,350.0,302286,417160,,2024-05-13,SMM KOMORO FOODS CORP MANILA,Cash,Cash and cash equivalents:Cash on Hand:Cash on Hand - Main,371021,,,302286.0,,,350.0,350.0,1148,,PHP,
1,Reference No,1146,SHIN MANN HANN CORP,350.0,372683.0,2024-05-13,1146,THE PODIUM MANN HANN MANILA,350.0,302543,417158,,2024-05-13,THE PODIUM MANN HANN MANILA,Cash,Cash and cash equivalents:Cash on Hand:Cash on Hand - Main,372683,,,302543.0,,,350.0,350.0,1146,,PHP,
1,Reference No,1144,UNOCHA,700.0,373046.0,2024-05-07,1144,SMLM UNO CHA,700.0,302056,417156,,2024-05-07,SMLM UNO CHA,Cash,Cash and cash equivalents:Cash In bank:CIB BDO 0776,373046,,,302056.0,,,700.0,700.0,1144,,PHP,
1,Reference No,1192,RANCHERO SIZZLING HOUSE,550.0,372135.0,2024-05-07,1192,UMING FOOD & BEVERAGE TRADING ERSAO TAIWANESE RESTAURANT MANILA CPUNTER,550.0,302441,417166,,2024-05-07,UMING FOOD & BEVERAGE TRADING ERSAO TAIWANESE RESTAURANT MANILA CPUNTER,Cash,Cash and cash equivalents:Cash In bank:CIB BDO 0776,372135,,,302441.0,,,550.0,550.0,1192,,PHP,
1,Reference No,1197,18 FOLDS PH CORP,1650.0,372336.0,2024-05-10,1197,MEGAMALL DIN TAI FUNG,1650.0,301664,417180,,2024-05-10,MEGAMALL DIN TAI FUNG,Cash,Cash and cash equivalents:Cash In bank:CIB BDO 0776,372336,,,301664.0,,,1650.0,1650.0,1197,,PHP,
1,Reference No,1195,MV SHER BURGERS INC,3000.0,372340.0,2024-05-10,1195,JOLLIBEE FOODS CORP. - SHERIDAN,3000.0,301668,417179,,2024-05-10,JOLLIBEE FOODS CORP. - SHERIDAN,Cash,Cash and cash equivalents:Cash In bank:CIB BDO 0776,372340,,,301668.0,,,3000.0,3000.0,1195,,PHP,
1,Reference No,1194,KNOXPORT INC,2250.0,372339.0,2024-05-10,1194,KFC FOOD CORP. - CIGI,2250.0,301667,417178,,2024-05-10,KFC FOOD CORP. - CIGI,Cash,Cash and cash equivalents:Cash In bank:CIB BDO 0776,372339,,,301667.0,,,2250.0,2250.0,1194,,PHP,
1,Reference No,1292,SAM'S EVERYTHING ON STICKS,600.0,372099.0,2024-05-06,1292,SAM'S EVERYTHING ON STICKS,600.0,317792,417184,,2024-05-06,SAM'S EVERYTHING ON STICKS,Cash,Cash and cash equivalents:Cash In bank:CIB BDO 0776,372099,,,317792.0,,,600.0,600.0,1292,,PHP,
1,Reference No,1200,EST. CUE INC,1100.0,372334.0,2024-05-10,1200,MEGAMALL MANAM CAFE,1100.0,301662,417183,,2024-05-10,MEGAMALL MANAM CAFE,Cash,Cash and cash equivalents:Cash In bank:CIB BDO 0776,372334,,,301662.0,,,1100.0,1100.0,1200,,PHP,
1,Reference No,1199,HOW DO YOU ROLL INC,1100.0,372333.0,2024-05-10,1199,MEGAMALL OOMA JAPANESE RICE BAR,1100.0,301651,417182,,2024-05-10,MEGAMALL OOMA JAPANESE RICE BAR,Cash,Cash and cash equivalents:Cash In bank:CIB BDO 0776,372333,,,301651.0,,,1100.0,1100.0,1199,,PHP,
1,Reference No,1198,8 CUTS BURGER BLENDS,1650.0,372335.0,2024-05-10,1198,MEGAMALL 8 CUTS BURGER BLENDS,1650.0,301663,417181,,2024-05-10,MEGAMALL 8 CUTS BURGER BLENDS,Cash,Cash and cash equivalents:Cash In bank:CIB BDO 0776,372335,,,301663.0,,,1650.0,1650.0,1198,,PHP,
1,Reference No,1294,PROVENCAL FOOD CORP,700.0,372630.0,2024-05-08,1294,SHANGRILA DUCK & BUVETTE MANILA,700.0,301863,417186,,2024-05-08,SHANGRILA DUCK & BUVETTE MANILA,Cash,Cash and cash equivalents:Cash In bank:CIB BDO 0776,372630,,,301863.0,,,700.0,700.0,1294,,PHP,
1,Reference No,1293,ITLOG ON STICKS,600.0,372100.0,2024-05-06,1293,SMN ITLOG ON STICKS MAYNILAD,600.0,301385,417185,,2024-05-06,SMN ITLOG ON STICKS MAYNILAD,Cash,Cash and cash equivalents:Cash In bank:CIB BDO 0776,372100,,,301385.0,,,600.0,600.0,1293,,PHP,
1,Reference No,1300,ROTI SHOP,350.0,372706.0,2024-05-10,1300,THE PODIUM ROTI SHOP MANILA,350.0,302566,417201,,2024-05-10,THE PODIUM ROTI SHOP MANILA,Cash,Cash and cash equivalents:Cash on Hand:Cash on Hand - Main,372706,,,302566.0,,,350.0,350.0,1300,,PHP,
1,Reference No,1299,LOLA CAFÉ,350.0,372680.0,2024-05-10,1299,THE PODIUM LOLA CAFE MANILA,350.0,302539,417200,,2024-05-10,THE PODIUM LOLA CAFE MANILA,Cash,Cash and cash equivalents:Cash on Hand:Cash on Hand - Main,372680,,,302539.0,,,350.0,350.0,1299,,PHP,
1,Reference No,1296,MAMOU PRIME,700.0,372699.0,2024-05-10,1296,THE PODIUM MAMOU PRIME MANILA,700.0,302559,417198,,2024-05-10,THE PODIUM MAMOU PRIME MANILA,Cash,Cash and cash equivalents:Cash on Hand:Cash on Hand - Main,372699,,,302559.0,,,700.0,700.0,1296,,PHP,
1,Reference No,1348,AQUA CR3K,350.0,372506.0,2024-05-13,1348,AQUA CR3K,350.0,318665,417205,,2024-05-13,Aqua CR3K,Cash,Cash and cash equivalents:Cash on Hand:Cash on Hand - Main,372506,,,318665.0,,,350.0,350.0,1348,,PHP,
1,Reference No,1347,FIL-AM WRS,350.0,372496.0,2024-05-13,1347,FIL-AM WRS,350.0,302475,417204,,2024-05-13,FIL-AM WRS,Cash,Cash and cash equivalents:Cash on Hand:Cash on Hand - Main,372496,,,302475.0,,,350.0,350.0,1347,,PHP,
1,Reference No,1346,FVR WRS,350.0,372504.0,2024-05-13,1346,FVR WRS,350.0,318664,417203,,2024-05-13,FVR WRS,Cash,Cash and cash equivalents:Cash on Hand:Cash on Hand - Main,372504,,,318664.0,,,350.0,350.0,1346,,PHP,
1,Reference No,1697,BATAAN KIDNEY AND DIALYSIS CENTER,1470.0,371123.0,2024-05-13,1697,BATAAN KIDNEY AND DIALYSIS CENTER,1470.0,316002,417219,,2024-05-13,BATAAN KIDNEY AND DIALYSIS CENTER,Cash,Cash and cash equivalents:Cash on Hand:Cash on Hand - Main,371123,,,316002.0,,,1000.0,1470.0,1697,,PHP,
1,Reference No,2553,CAMUYONG DE GUIAS,435.0,371325.0,2024-05-07,2553,CAMAYON DE GUBA'S,435.0,301164,417223,,2024-05-07,CAMAYON DE GUBA'S,Cash,Cash and cash equivalents:Cash In bank:CIB BDO 0776,371325,,,301164.0,,,435.0,435.0,2553,,PHP,
1,Reference No,1839,SUSANO FOOD DISTRIBUTION CORP,700.0,373808.0,2024-05-24,1839,CANCELLED,0.0,,417301,,2024-05-14,CANCELLED,Cash,,,,,,,,0.0,0.0,1839,,PHP,
1,Reference No,2430,TOLVIC'S PHARMACY,700.0,374119.0,2024-05-20,2430,TOLVIC'S PHARMACY,1400.0,321408,417305,,2024-05-20,TOLVIC'S PHARMACY,Cash,Cash and cash equivalents:Cash on Hand:Cash on Hand - Main,374119,,,321408.0,,,550.0,1400.0,2430,,PHP,
1,Reference No,2926,JONRIS,350.0,373519.0,2024-05-10,2926,JONRIS,350.0,318915,417329,,2024-05-10,JONRIS,Cash,Cash and cash equivalents:Cash on Hand:Cash on Hand - Main,373519,,,318915.0,,,350.0,350.0,2926,,PHP,
1,Reference No,2924,AQUA MAXINE,350.0,373527.0,2024-05-10,2924,AQUA MAXINE,350.0,318922,417325,,2024-05-10,AQUA MAXINE,Cash,Cash and cash equivalents:Cash on Hand:Cash on Hand - Main,373527,,,318922.0,,,350.0,350.0,2924,,PHP,
1,Reference No,2930,AQUA EVANS,350.0,373529.0,2024-05-10,2930,AQUA EVANS,500.0,318923,417340,,2024-05-10,AQUA EVANS,Cash,Cash and cash equivalents:Cash on Hand:Cash on Hand - Main,373529,,,318923.0,,,350.0,500.0,2930,,PHP,
1,Reference No,2929,PROMENADE,350.0,373525.0,2024-05-10,2929,PROMENADE,500.0,318920,417339,,2024-05-10,PROMENADE,Cash,Cash and cash equivalents:Cash on Hand:Cash on Hand - Main,373525,,,318920.0,,,350.0,500.0,2929,,PHP,
1,Reference No,2928,4J'S FLOWING,350.0,373531.0,2024-05-10,2928,4J'S FLOWING,500.0,318925,417338,,2024-05-10,4J'S FLOWING,Cash,Cash and cash equivalents:Cash on Hand:Cash on Hand - Main,373531,,,318925.0,,,350.0,500.0,2928,,PHP,
1,Reference No,2933,BOOM,350.0,373539.0,2024-05-10,2933,BOOM,500.0,318932,417346,,2024-05-10,BOOM,Cash,Cash and cash equivalents:Cash on Hand:Cash on Hand - Main,373539,,,318932.0,,,350.0,500.0,2933,,PHP,
1,Reference No,2932,SPRING DREI,350.0,373516.0,2024-05-10,2932,SPRING DREI,500.0,318912,417344,,2024-05-10,SPRING DREI,Cash,Cash and cash equivalents:Cash on Hand:Cash on Hand - Main,373516,,,318912.0,,,350.0,500.0,2932,,PHP,
1,Reference No,3124,DAILY MEDS PHARMACY INC,700.0,374136.0,2024-05-21,3124,DAILY MEDS PHARMACY INC,1400.0,321434,417405,,2024-05-21,DAILY MEDS PHARMACY INC,Cash,Cash and cash equivalents:Cash on Hand:Cash on Hand - Main,374136,,,321434.0,,,550.0,1400.0,3124,,PHP,
1,Reference No,3122,YOUR DRUGSTORE,700.0,374135.0,2024-05-21,3122,YOUR DRUGSTORE,1400.0,321433,417403,,2024-05-21,YOUR DRUGSTORE,Cash,Cash and cash equivalents:Cash on Hand:Cash on Hand - Main,374135,,,321433.0,,,550.0,1400.0,3122,,PHP,
1,Reference No,3121,GENERIC SAVE DRUGSTORE,700.0,374134.0,2024-05-21,3121,GENERIC SAVE DRUGSTORE,700.0,321432,417401,,2024-05-21,GENERIC SAVE DRUGSTORE,Cash,Cash and cash equivalents:Cash on Hand:Cash on Hand - Main,374134,,,321432.0,,,550.0,700.0,3121,,PHP,
1,Reference No,3120,PRISTINE DAWN NAIL SPA,700.0,374133.0,2024-05-21,3120,PRISTINE DAWN NAIL SPA,1400.0,321431,417399,,2024-05-21,PRISTINE DAWN NAIL SPA,Cash,Cash and cash equivalents:Cash on Hand:Cash on Hand - Main,374133,,,321431.0,,,550.0,1400.0,3120,,PHP,
1,Reference No,3126,RFC WATER STATION,3500.0,373741.0,2024-05-21,3126,RFC WATER STATION,7000.0,318016,417407,,2024-05-21,RFC WATER STATION,Cash,Cash and cash equivalents:Cash on Hand:Cash on Hand - Main,373741,,,318016.0,,,3500.0,7000.0,3126,,PHP,
1,Reference No,3276,JAM,550.0,373770.0,2024-05-17,3276,JAM,800.0,321006,417441,,2024-05-17,JAM,Cash,Cash and cash equivalents:Cash on Hand:Cash on Hand - Main,373770,,,321006.0,,,550.0,800.0,3276,,PHP,
1,Reference No,3597,TMG EXPRESS INC,550.0,373986.0,2024-05-22,3597,QC TMG EXPRESS INC,1100.0,,417499,,2024-05-22,QC TMG EXPRESS INC,Cash,Cash and cash equivalents:Cash on Hand:Cash on Hand - Main,,,,,,,1100.0,1100.0,3597,,PHP,
1,Reference No,3593,PEAK HARVESTS FOOD CORP,3000.0,373504.0,2024-05-22,3593,PEAK HARVEST,6000.0,302094,417498,,2024-05-22,PEAK HARVEST,Cash,Cash and cash equivalents:Cash In bank:CIB BDO 0776,373504,,,302094.0,,,3000.0,6000.0,3593,,PHP,
1,Reference No,3660,PUREGOLD,550.0,374084.0,2024-05-20,3660,PUREGOLD,1100.0,,417503,,2024-05-20,PUREGOLD,Cash,Cash and cash equivalents:Cash on Hand:Cash on Hand - Main,,,,,,,1100.0,1100.0,3660,,PHP,
1,Reference No,3704,ROBINSON'S SUPERMARKET CORPORATION,4150.0,374362.0,2024-05-21,3704,ROBINSON'S SUPERMARKET CORPORATION,8300.0,321717,417506,,2024-05-21,ROBINSON'S SUPERMARKET CORPORATION,Cash,Cash and cash equivalents:Cash on Hand:Cash on Hand - Main,374362,,,321717.0,,,5600.0,8300.0,3704,,PHP,
1,Reference No,3782,MANG KIKO CATERING,3000.0,373505.0,2024-05-21,3782,MANG KIKO CATERING,6000.0,320944,417519,,2024-05-21,Mang Kiko Catering,Cash,Cash and cash equivalents:Cash on Hand:Cash on Hand - Main,373505,,,320944.0,,,2200.0,6000.0,3782,,PHP,
1,Reference No,3780,GENERIC SAVE DRUGSTORE,700.0,374122.0,2024-05-17,3780,GENERIC SAVE DRUGSTORE,1400.0,321411,417518,,2024-05-17,GENERIC SAVE DRUGSTORE,Cash,Cash and cash equivalents:Cash on Hand:Cash on Hand - Main,374122,,,321411.0,,,550.0,1400.0,3780,,PHP,
1,Reference No,3016,CHILIS,2100.0,372253.0,2024-05-15,3016,QC SMN CHILIS MAYNILAD,2100.0,,417538,,2024-05-15,QC SMN CHILIS MAYNILAD,Cash,Cash and cash equivalents:Cash on Hand:Cash on Hand - Main,,,,,,,2100.0,2100.0,3016,,PHP,
1,Reference No,3922,ANGEL HILLS CONVENTION CENTER,550.0,373484.0,2024-05-15,3922,ANGEL HILLS CONVENTION CENTER,550.0,318900,417574,,2024-05-15,ANGEL HILLS CONVENTION CENTER,Cash,Cash and cash equivalents:Cash on Hand:Cash on Hand - Main,373484,,,318900.0,,,500.0,550.0,3922,,PHP,
1,Reference No,3951,ANDRES B. BERMOS MEMORIAL HEMODIALYSIS CENTER,10500.0,374052.0,2024-05-15,3951,ANDRES B. BERMOS MEMORIAL HEMODIALYSIS CENTER,10500.0,321314,417596,,2024-05-15,ANDRES B. BERMOS MEMORIAL HEMODIALYSIS CENTER,Cash,Cash and cash equivalents:Cash on Hand:Cash on Hand - Main,374052,,,321314.0,,,10500.0,10500.0,3951,,PHP,
1,Reference No,3952,MEYCAUAYAN DOCTOR'S HOSPITAL,1800.0,374053.0,2024-05-15,3952,MEYCAUAYAN DOCTOR'S HOSPITAL,1800.0,321315,417597,,2024-05-15,MEYCAUAYAN DOCTOR'S HOSPITAL,Cash,Cash and cash equivalents:Cash on Hand:Cash on Hand - Main,374053,,,321315.0,,,1800.0,1800.0,3952,,PHP,
1,Reference No,3058,CLEAR MIST,350.0,372474.0,2024-05-13,3058,CLEAR MIST WRS,350.0,302462,417599,,2024-05-13,CLEAR MIST WRS,Cash,Cash and cash equivalents:Cash on Hand:Cash on Hand - Main,372474,,,302462.0,,,350.0,350.0,3058,,PHP,
1,Reference No,3954,ISABEL'S COFFEE HOUSE,700.0,374086.0,2024-05-17,3954,ISABEL'S COFFEE HOUSE,1400.0,321369,417609,,2024-05-17,ISABEL'S COFFEE HOUSE,Cash,Cash and cash equivalents:Cash on Hand:Cash on Hand - Main,374086,,,321369.0,,,700.0,1400.0,3954,,PHP,
1,Reference No,3958,NGCHP HOMEOWNERS ASSOCIATION,250.0,374259.0,2024-05-21,3958,NGCHP HOMEOWNERS ASSOCIATION,500.0,321556,417612,,2024-05-21,NGCHP HOMEOWNERS ASSOCIATION,Cash,Cash and cash equivalents:Cash on Hand:Cash on Hand - Main,374259,,,321556.0,,,500.0,500.0,3958,,PHP,
1,Reference No,3957,NEPHROMED ASIA DIALYSIS CENTER,1500.0,374251.0,2024-05-20,3957,NEPHROMED ASIA DIALYSIS CENTER,3000.0,321548,417611,,2024-05-20,NEPHROMED ASIA DIALYSIS CENTER,Cash,Cash and cash equivalents:Cash on Hand:Cash on Hand - Main,374251,,,321548.0,,,1650.0,3000.0,3957,,PHP,
1,Reference No,3988,PMMGMPC HEMODIALYSIS UNIT,2400.0,374184.0,2024-05-28,3988,PMMGMPC HEMODIALYSIS UNIT,2700.0,319185,417637,,2024-05-28,PMMGMPC HEMODIALYSIS UNIT,Cash,Cash and cash equivalents:Cash on Hand:Cash on Hand - Main,374184,,,319185.0,,,1500.0,2700.0,3988,,PHP,
1,Reference No,3991,PADRE PIO MEDICAL & SURGICAL ASSOCIATES INC,2400.0,374187.0,2024-05-28,3991,PADRE PIO MEDICAL & SURGICAL ASSOCIATES INC,2700.0,319188,417651,,2024-05-28,PADRE PIO MEDICAL & SURGICAL ASSOCIATES INC,Cash,Cash and cash equivalents:Cash on Hand:Cash on Hand - Main,374187,,,319188.0,,,1500.0,2700.0,3991,,PHP,
1,Reference No,3990,ADVENTIST DIALYSIS CENTER,2400.0,374186.0,2024-05-28,3990,ADVENTIST DIALYSIS CENTER,2700.0,319187,417650,,2024-05-28,ADVENTIST DIALYSIS CENTER,Cash,Cash and cash equivalents:Cash on Hand:Cash on Hand - Main,374186,,,319187.0,,,1500.0,2700.0,3990,,PHP,
1,Reference No,3989,ADVENTIST HOSPITAL PALAWAN,2400.0,374185.0,2024-05-28,3989,ADVENTIST HOSPITAL PALAWAN,2700.0,319186,417649,,2024-05-28,ADVENTIST HOSPITAL PALAWAN,Cash,Cash and cash equivalents:Cash on Hand:Cash on Hand - Main,374185,,,319186.0,,,1500.0,2700.0,3989,,PHP,
1,Reference No,3997,PENTE-GONIA ASIA CORP,2100.0,374610.0,2024-05-28,3997,PENTE-GONIA ASIA CORP,4200.0,321939,417655,,2024-05-28,PENTE-GONIA ASIA CORP,Cash,Cash and cash equivalents:Cash on Hand:Cash on Hand - Main,374610,,,321939.0,,,1650.0,4200.0,3997,,PHP,
1,Reference No,3994,BUNTING FARM,4000.0,374323.0,2024-05-28,3994,BUNTING FARM,8000.0,321660,417654,,2024-05-28,BUNTING FARM,Cash,Cash and cash equivalents:Cash on Hand:Cash on Hand - Main,374323,,,321660.0,,,3500.0,8000.0,3994,,PHP,
1,Reference No,3993,PUERTO PRINSESA MEDICAL CARE GROUP,2400.0,374189.0,2024-05-28,3993,PUERTO PRINSESA MEDICAL CARE GROUP,2700.0,319190,417653,,2024-05-28,PUERTO PRINSESA MEDICAL CARE GROUP,Cash,Cash and cash equivalents:Cash on Hand:Cash on Hand - Main,374189,,,319190.0,,,1500.0,2700.0,3993,,PHP,
1,Reference No,3992,ACE MEDICAL CENTER PALAWAN HEMODIALYSIS,2400.0,374188.0,2024-05-28,3992,ACE MEDICAL CENTER PALAWAN HEMODIALYSIS,2700.0,319189,417652,,2024-05-28,ACE MEDICAL CENTER PALAWAN HEMODIALYSIS,Cash,Cash and cash equivalents:Cash on Hand:Cash on Hand - Main,374188,,,319189.0,,,1500.0,2700.0,3992,,PHP,
1,Reference No,3998,ONE ROMBLON DIALYSIS CENTER,2100.0,374614.0,2024-05-28,3998,ONE ROMBLON DIALYSIS CENTER,4200.0,321941,417656,,2024-05-28,ONE ROMBLON DIALYSIS CENTER,Cash,Cash and cash equivalents:Cash on Hand:Cash on Hand - Main,374614,,,321941.0,,,1650.0,4200.0,3998,,PHP,
1,Reference No,3108,AGUA VIDA - BALON BATO/ARN PURIFIED WATER,700.0,373072.0,2024-05-14,3108,AGUAVIDA-BALON BATO/ AKN PURIFIED WATER,700.0,302072,417665,,2024-05-14,AGUAVIDA-BALON BATO/ AKN PURIFIED WATER,Cash,Cash and cash equivalents:Cash on Hand:Cash on Hand - Main,373072,,,302072.0,,,700.0,700.0,3108,,PHP,
1,Reference No,4306,ZANE STAR DRUGSTORE,700.0,374137.0,2024-05-20,4306,ZANE STAR DRUGSTORE,1400.0,321435,417676,,2024-05-20,ZANE STAR DRUGSTORE,Cash,Cash and cash equivalents:Cash on Hand:Cash on Hand - Main,374137,,,321435.0,,,550.0,1400.0,4306,,PHP,
1,Reference No,4305,GOGO DAK,700.0,374085.0,2024-05-20,4305,GOGO DAK,1400.0,321368,417675,,2024-05-20,GOGO DAK,Cash,Cash and cash equivalents:Cash on Hand:Cash on Hand - Main,374085,,,321368.0,,,550.0,1400.0,4305,,PHP,
1,Reference No,3115,TSOKO NUT BATIROL,550.0,372831.0,2024-05-21,3115,TSOKO HUT BARITOL MANILA,550.0,302011,417680,,2024-05-21,TSOKO HUT BARITOL MANILA,Cash,Cash and cash equivalents:Cash on Hand:Cash on Hand - Main,372831,,,302011.0,,,550.0,550.0,3115,,PHP,
1,Reference No,3125,VITOS BBQ VISAYAS AVE,700.0,372166.0,2024-05-21,3125,VITOS BBQ VISAYAS AVE MAYNILAD,700.0,301446,417684,,2024-05-21,VITOS BBQ VISAYAS AVE MAYNILAD,Cash,Cash and cash equivalents:Cash on Hand:Cash on Hand - Main,372166,,,301446.0,,,700.0,700.0,3125,,PHP,
1,Reference No,3123,AQUA VIDA,600.0,372750.0,2024-05-21,3123,AQUA VIDA,600.0,317864,417683,,2024-05-21,AQUA VIDA,Cash,Cash and cash equivalents:Cash on Hand:Cash on Hand - Main,372750,,,317864.0,,,600.0,600.0,3123,,PHP,
1,Reference No,4661,FITNESS FIRST,600.0,374381.0,2024-05-22,4661,FITNESS FIRST,1200.0,321730,417692,,2024-05-22,FITNESS FIRST,Cash,Cash and cash equivalents:Cash on Hand:Cash on Hand - Main,374381,,,321730.0,,,550.0,1200.0,4661,,PHP,
1,Reference No,4613,GRINGONITO,350.0,373998.0,2024-05-22,4613,THE PODIUM GRINGONITO MANILA,700.0,302758,417689,,2024-05-22,THE PODIUM GRINGONITO MANILA,Cash,Cash and cash equivalents:Cash In bank:CIB BDO 0776,373998,,,302758.0,,,700.0,700.0,4613,,PHP,
1,Reference No,4901,NUTRITIVE SNACK FOOD CORPORATION,1400.0,374276.0,2024-05-23,4901,NUTRITIVE SNACK FOOD CORPORATION,2800.0,321589,417698,,2024-05-23,NUTRITIVE SNACK FOOD CORPORATION,Cash,Cash and cash equivalents:Cash on Hand:Cash on Hand - Main,374276,,,321589.0,,,1000.0,2800.0,4901,,PHP,
1,Reference No,4877,ST. JAMES WS,500.0,373285.0,2024-05-23,4877,ST. JAMES WS,350.0,320811,417697,,2024-05-23,ST. JAMES WS,Cash,Cash and cash equivalents:Cash on Hand:Cash on Hand - Main,373285,,,320811.0,,,350.0,350.0,4877,,PHP,
1,Reference No,4873,R&K WRS,2500.0,374104.0,2024-05-23,4873,R&K WRS,3500.0,319154,417696,,2024-05-23,R&K WRS,Cash,Cash and cash equivalents:Cash on Hand:Cash on Hand - Main,374104,,,319154.0,,,2500.0,3500.0,4873,,PHP,
1,Reference No,4717,RC CAYETANO ENT.,350.0,374287.0,2024-05-28,4717,RC CAYETANO ENT.,700.0,321601,417694,,2024-05-28,RC CAYETANO ENT.,Cash,Cash and cash equivalents:Cash on Hand:Cash on Hand - Main,374287,,,321601.0,,,550.0,700.0,4717,,PHP,
1,Reference No,715777,GERYK'S,500.0,373695.0,2024-05-15,715777,GERYK'S,500.0,318973,417712,,2024-05-15,GERYK'S,Cash,Cash and cash equivalents:Cash on Hand:Cash on Hand - Main,373695,,,318973.0,,,500.0,500.0,715777,,PHP,
1,Reference No,715775,SPARKLING,500.0,373696.0,2024-05-15,715775,SPARKLING,500.0,318974,417711,,2024-05-15,SPARKLING,Cash,Cash and cash equivalents:Cash on Hand:Cash on Hand - Main,373696,,,318974.0,,,500.0,500.0,715775,,PHP,
1,Reference No,4955,YADA CHAN,1050.0,374109.0,2024-05-27,4955,YADA CHAN,2100.0,319158,417710,,2024-05-27,YADA CHAN,Cash,Cash and cash equivalents:Cash on Hand:Cash on Hand - Main,374109,,,319158.0,,,500.0,2100.0,4955,,PHP,
1,Reference No,4905,ELIANA G. GOOD CORP,1200.0,374171.0,2024-05-28,4905,ELIANA G. GOOD CORP,2400.0,321449,417709,,2024-05-28,ELIANA G. GOOD CORP,Cash,Cash and cash equivalents:Cash on Hand:Cash on Hand - Main,374171,,,321449.0,,,1200.0,2400.0,4905,,PHP,
1,Reference No,715783,CRYSTALINNE,500.0,373700.0,2024-05-15,715783,CRYSTALINNE,500.0,318977,417717,,2024-05-15,CRYSTALINNE,Cash,Cash and cash equivalents:Cash on Hand:Cash on Hand - Main,373700,,,318977.0,,,500.0,500.0,715783,,PHP,
1,Reference No,715782,AQUA B,500.0,373693.0,2024-05-15,715782,AQUA B,500.0,318972,417716,,2024-05-15,Aqua B,Cash,Cash and cash equivalents:Cash on Hand:Cash on Hand - Main,373693,,,318972.0,,,500.0,500.0,715782,,PHP,
1,Reference No,715781,FARM VILLAGE,500.0,373704.0,2024-05-15,715781,FARM VILLAGE,500.0,318980,417715,,2024-05-15,FARM VILLAGE,Cash,Cash and cash equivalents:Cash on Hand:Cash on Hand - Main,373704,,,318980.0,,,500.0,500.0,715781,,PHP,
1,Reference No,715780,AYELIS,500.0,373697.0,2024-05-15,715780,AYELIS,500.0,318975,417714,,2024-05-15,AYELIS,Cash,Cash and cash equivalents:Cash on Hand:Cash on Hand - Main,373697,,,318975.0,,,500.0,500.0,715780,,PHP,
1,Reference No,715779,DESACINE,500.0,373703.0,2024-05-15,715779,DESACINE,500.0,318979,417713,,2024-05-15,DESACINE,Cash,Cash and cash equivalents:Cash on Hand:Cash on Hand - Main,373703,,,318979.0,,,500.0,500.0,715779,,PHP,
1,Reference No,715784,AQUA SERV,500.0,373705.0,2024-05-15,715784,AQUA SERV,500.0,318981,417718,,2024-05-15,AQUA SERV,Cash,Cash and cash equivalents:Cash on Hand:Cash on Hand - Main,373705,,,318981.0,,,500.0,500.0,715784,,PHP,
1,Reference No,715786,CLY'S,500.0,373706.0,2024-05-15,715786,CLY'S,500.0,318982,417725,,2024-05-15,CLY'S,Cash,Cash and cash equivalents:Cash on Hand:Cash on Hand - Main,373706,,,318982.0,,,500.0,500.0,715786,,PHP,
1,Reference No,715785,TRIPLE NI BOY,500.0,373699.0,2024-05-15,715785,TRIPLE NI BOY,500.0,318976,417723,,2024-05-15,TRIPLE NI BOY,Cash,Cash and cash equivalents:Cash on Hand:Cash on Hand - Main,373699,,,318976.0,,,500.0,500.0,715785,,PHP,
1,Reference No,727949,LUZON RENAL CARE INC,10500.0,374298.0,2024-05-27,727949,LUZON RENAL INC.,10500.0,321610,417731,,2024-05-27,LUZON RENAL INC.,Cash,Cash and cash equivalents:Cash on Hand:Cash on Hand - Main,374298,,,321610.0,,,10500.0,10500.0,727949,,PHP,
1,Reference No,727929,CLEAN ICE TO GO,600.0,373909.0,2024-05-13,727929,CLEAN ICE TO GO ICE ICE MACHINE,600.0,302718,417729,,2024-05-13,CLEAN ICE TO GO ICE ICE MACHINE,Cash,Cash and cash equivalents:Cash on Hand:Cash on Hand - Main,373909,,,302718.0,,,600.0,600.0,727929,,PHP,
1,Reference No,726283,MC CORNICK PHILIPPINES,1400.0,373601.0,2024-05-29,726283,MC CORMICK PHIL MAYNILAD,1400.0,302704,417727,,2024-05-29,MC CORMICK PHIL MAYNILAD,Cash,Cash and cash equivalents:Cash on Hand:Cash on Hand - Main,373601,,,302704.0,,,1400.0,1400.0,726283,,PHP,
1,Reference No,729348,SEVEN COFFEE,700.0,373574.0,2024-05-14,729348,SEVEN COFFEE,700.0,318937,417737,,2024-05-14,SEVEN COFFEE,Cash,Cash and cash equivalents:Cash on Hand:Cash on Hand - Main,373574,,,318937.0,,,700.0,700.0,729348,,PHP,
1,Reference No,729244,AQUA CHUA,350.0,373537.0,2024-05-09,729244,AQUA CHUA,350.0,318930,417736,,2024-05-09,AQUA CHUA,Cash,Cash and cash equivalents:Cash on Hand:Cash on Hand - Main,373537,,,318930.0,,,350.0,350.0,729244,,PHP,
1,Reference No,729234,FLOW RATE,350.0,373518.0,2024-05-09,729234,FLOW RATE,350.0,318913,417735,,2024-05-09,FLOW RATE,Cash,Cash and cash equivalents:Cash on Hand:Cash on Hand - Main,373518,,,318913.0,,,350.0,350.0,729234,,PHP,
1,Reference No,727950,JL-DIALMED DIALYSIS CENTER,1500.0,374601.0,2024-05-27,727950,JL-DIALMED DIALYSIS CENTER,3000.0,,417733,,2024-05-27,JL-DIALMED DIALYSIS CENTER,Cash,Cash and cash equivalents:Cash on Hand:Cash on Hand - Main,,,,,,,3000.0,3000.0,727950,,PHP,
1,Reference No,729718,BALANGA RESTAURANT,4550.0,373820.0,2024-05-06,729718,BALANGA RESTAURANT WATER DISTRICT,4550.0,302259,417738,,2024-05-06,BALANGA RESTAURANT WATER DISTRICT,Cash,Cash and cash equivalents:Cash on Hand:Cash on Hand - Main,373820,,,302259.0,,,4550.0,4550.0,729718,,PHP,
1,Reference No,729719,BARANDILYA RESTAURANT,4550.0,373819.0,2024-05-06,729719,BARANDILYA RESTAURANT,4550.0,302258,417746,,2024-05-06,BARANDILYA RESTAURANT,Cash,Cash and cash equivalents:Cash on Hand:Cash on Hand - Main,373819,,,302258.0,,,4550.0,4550.0,729719,,PHP,
1,Reference No,730488,MARTHINA'S CAFÉ BY COCO CORNE,500.0,373733.0,2024-05-02,730488,INARAWAN NAT'L HIGH SCHOOL DEEPWELL,500.0,302240,417752,,2024-05-02,INARAWAN NAT'L HIGH SCHOOL DEEPWELL,Cash,Cash and cash equivalents:Cash on Hand:Cash on Hand - Main,373733,,,302240.0,,,500.0,500.0,730488,,PHP,
1,Reference No,729740,EST. NAMNAM INC,1650.0,373713.0,2024-05-14,729740,MANAM AYALA TRIANGLE ICE ICE MAKER,1650.0,302217,417750,,2024-05-14,MANAM AYALA TRIANGLE ICE ICE MAKER,Cash,Cash and cash equivalents:Cash on Hand:Cash on Hand - Main,373713,,,302217.0,,,1650.0,1650.0,729740,,PHP,
1,Reference No,729739,MANAM ROCKWELL,1650.0,373712.0,2024-05-14,729739,MANAM ROCKWELL,1650.0,302216,417748,,2024-05-14,MANAM ROCKWELL,Cash,Cash and cash equivalents:Cash on Hand:Cash on Hand - Main,373712,,,302216.0,,,1650.0,1650.0,729739,,PHP,
1,Reference No,730594,SAINT PIO MEDICAL CENTER,9500.0,374459.0,2024-05-23,730594,SAINT PIO MEDICAL CENTER,19000.0,,417753,,2024-05-23,SAINT PIO MEDICAL CENTER,Cash,Cash and cash equivalents:Cash on Hand:Cash on Hand - Main,,,,,,,19000.0,19000.0,730594,,PHP,
1,Reference No,730897,NGCHP HOMEOWNERS ASSOCIATION,700.0,373592.0,2024-05-10,730897,HGCHP MRB HOMEOWNERS ASSOCIATION,700.0,302700,417758,,2024-05-10,HGCHP MRB HOMEOWNERS ASSOCIATION,Cash,Cash and cash equivalents:Cash on Hand:Cash on Hand - Main,373592,,,302700.0,,,700.0,700.0,730897,,PHP,
1,Reference No,730900,KOKO RESTAURANT,50.0,373926.0,2024-05-13,730900,KOKO RESTAURANT,50.0,319078,417770,,2024-05-13,KOKO RESTAURANT,Cash,Cash and cash equivalents:Cash on Hand:Cash on Hand - Main,373926,,,319078.0,,,50.0,50.0,730900,,PHP,
1,Reference No,730899,ORIENTAL MINDORO PROVINCIAL HOSPITAL,10500.0,373905.0,2024-05-10,730899,ORIENTAL MINDORO PROVINCIAL HOSPITAL-HEMODIALYSIS RAW,21000.0,,417769,,2024-05-10,ORIENTAL MINDORO PROVINCIAL HOSPITAL-HEMODIALYSIS RAW,Cash,Cash and cash equivalents:Cash on Hand:Cash on Hand - Main,,,,,,,21000.0,21000.0,730899,,PHP,
1,Reference No,731162,CREEDENCE CLEAR WATER,500.0,373621.0,2024-05-08,731162,CREEDANCE CLEAR WATER,500.0,302123,417775,,2024-05-08,CREEDANCE CLEAR WATER,Cash,Cash and cash equivalents:Cash on Hand:Cash on Hand - Main,373621,,,302123.0,,,500.0,500.0,731162,,PHP,
1,Reference No,731165,AQUA RAUN KIEL WS,500.0,373652.0,2024-05-08,731165,AQUA RAUN KIEL WS,500.0,317939,417778,,2024-05-08,AQUA RAUN KIEL WS,Cash,Cash and cash equivalents:Cash on Hand:Cash on Hand - Main,373652,,,317939.0,,,500.0,500.0,731165,,PHP,
1,Reference No,731164,INTER AQUA,500.0,373640.0,2024-05-08,731164,INTER AQUA,500.0,317932,417777,,2024-05-08,INTER AQUA,Cash,Cash and cash equivalents:Cash on Hand:Cash on Hand - Main,373640,,,317932.0,,,500.0,500.0,731164,,PHP,
1,Reference No,731163,SAVERS CHOICE WS,500.0,373622.0,2024-05-08,731163,SAVERS CHOICE WS,500.0,302124,417776,,2024-05-08,SAVERS CHOICE WS,Cash,Cash and cash equivalents:Cash on Hand:Cash on Hand - Main,373622,,,302124.0,,,500.0,500.0,731163,,PHP,
1,Reference No,3353,RAV PURIFIED,350.0,372533.0,2024-05-15,3353,RAV PURIFIED,350.0,318682,417787,,2024-05-15,RAV PURIFIED,Cash,Cash and cash equivalents:Cash on Hand:Cash on Hand - Main,372533,,,318682.0,,,350.0,350.0,3353,,PHP,
1,Reference No,731166,GOLDEN DRAGON WRS,500.0,373623.0,2024-05-08,731166,GOLDEN DRAGON WRS,500.0,317926,417789,,2024-05-08,GOLDEN DRAGON WRS,Cash,Cash and cash equivalents:Cash on Hand:Cash on Hand - Main,373623,,,317926.0,,,500.0,500.0,731166,,PHP,
1,Reference No,731170,AQUA QUEEN MAT,500.0,373660.0,2024-05-08,731170,AQUA QUEEN MAT,500.0,317944,417793,,2024-05-08,Aqua Queen Mat,Cash,Cash and cash equivalents:Cash on Hand:Cash on Hand - Main,373660,,,317944.0,,,500.0,500.0,731170,,PHP,
1,Reference No,731169,WES WRS,500.0,373668.0,2024-05-08,731169,WES WATER RS,500.0,302172,417792,,2024-05-08,WES WATER RS,Cash,Cash and cash equivalents:Cash on Hand:Cash on Hand - Main,373668,,,302172.0,,,500.0,500.0,731169,,PHP,
1,Reference No,731168,3 ANGEL'S PWS,500.0,373655.0,2024-05-08,731168,3 ANGEL'S PWS,500.0,317940,417791,,2024-05-08,3 ANGEL'S PWS,Cash,Cash and cash equivalents:Cash on Hand:Cash on Hand - Main,373655,,,317940.0,,,500.0,500.0,731168,,PHP,
1,Reference No,731167,OSAM WRS,500.0,373863.0,2024-05-08,731167,OSAM,500.0,302267,417790,,2024-05-08,OSAM,Cash,Cash and cash equivalents:Cash on Hand:Cash on Hand - Main,373863,,,302267.0,,,500.0,500.0,731167,,PHP,
1,Reference No,731174,RHEDS WRS,500.0,373664.0,2024-05-08,731174,RHEDS WRS,500.0,302170,417797,,2024-05-08,RHEDS WRS,Cash,Cash and cash equivalents:Cash on Hand:Cash on Hand - Main,373664,,,302170.0,,,500.0,500.0,731174,,PHP,
1,Reference No,731173,AJ WS,500.0,373663.0,2024-05-08,731173,AJ WS,500.0,317945,417796,,2024-05-08,AJ WS,Cash,Cash and cash equivalents:Cash on Hand:Cash on Hand - Main,373663,,,317945.0,,,500.0,500.0,731173,,PHP,
1,Reference No,731172,ASENSA'S QUENCH WRS,500.0,373662.0,2024-05-08,731172,ASSENSA'S QUENCH WRS,500.0,302168,417795,,2024-05-08,ASSENSA'S QUENCH WRS,Cash,Cash and cash equivalents:Cash on Hand:Cash on Hand - Main,373662,,,302168.0,,,500.0,500.0,731172,,PHP,
1,Reference No,731171,CBL'S WRS,500.0,373661.0,2024-05-08,731171,CBL'S WRS,500.0,302166,417794,,2024-05-08,CBL'S WRS,Cash,Cash and cash equivalents:Cash on Hand:Cash on Hand - Main,373661,,,302166.0,,,500.0,500.0,731171,,PHP,
1,Reference No,3358,MOMMY K WRS,350.0,372510.0,2024-05-15,3358,MOMMY K WRS,350.0,318668,417801,,2024-05-15,MOMMY K WRS,Cash,Cash and cash equivalents:Cash on Hand:Cash on Hand - Main,372510,,,318668.0,,,350.0,350.0,3358,,PHP,
1,Reference No,731175,WOTA MARKET,500.0,373625.0,2024-05-08,731175,WATER MARKET,500.0,302126,417799,,2024-05-08,WATER MARKET,Cash,Cash and cash equivalents:Cash on Hand:Cash on Hand - Main,373625,,,302126.0,,,500.0,500.0,731175,,PHP,
1,Reference No,731181,CIUDAD WRS,500.0,373627.0,2024-05-08,731181,CIUDAD WRS,500.0,317927,417813,,2024-05-08,CIUDAD WRS,Cash,Cash and cash equivalents:Cash on Hand:Cash on Hand - Main,373627,,,317927.0,,,500.0,500.0,731181,,PHP,
1,Reference No,731180,WATER FOR LESS,500.0,373649.0,2024-05-08,731180,WATER FOR LESS-CIUDAD,500.0,302160,417811,,2024-05-08,WATER FOR LESS-CIUDAD,Cash,Cash and cash equivalents:Cash on Hand:Cash on Hand - Main,373649,,,302160.0,,,500.0,500.0,731180,,PHP,
1,Reference No,731179,NATURE'S GRACE WRS,500.0,373626.0,2024-05-08,731179,NATURE GRACE WRS,500.0,302127,417810,,2024-05-08,NATURE GRACE WRS,Cash,Cash and cash equivalents:Cash on Hand:Cash on Hand - Main,373626,,,302127.0,,,500.0,500.0,731179,,PHP,
1,Reference No,731178,LIVING WATER,500.0,373624.0,2024-05-08,731178,LIVING WATER/DAITANS RS,500.0,302125,417809,,2024-05-08,LIVING WATER/DAITANS RS,Cash,Cash and cash equivalents:Cash on Hand:Cash on Hand - Main,373624,,,302125.0,,,500.0,500.0,731178,,PHP,
1,Reference No,731184,DOCTORS CHOICE WRS,500.0,373645.0,2024-05-08,731184,DOCTORS CHOICE WRS,500.0,317934,417819,,2024-05-08,DOCTORS CHOICE WRS,Cash,Cash and cash equivalents:Cash on Hand:Cash on Hand - Main,373645,,,317934.0,,,500.0,500.0,731184,,PHP,
1,Reference No,731183,FIRST FILIPINO SAINT HOSPITAL,1000.0,373629.0,2024-05-08,731183,FIRST FILIPINO SAINT HOSPITAL DEEPWELL DIETARY,1000.0,302137,417817,,2024-05-08,FIRST FILIPINO SAINT HOSPITAL DEEPWELL DIETARY,Cash,Cash and cash equivalents:Cash on Hand:Cash on Hand - Main,373629,,,302137.0,,,1000.0,1000.0,731183,,PHP,
1,Reference No,731182,MARJOS WS,500.0,373670.0,2024-05-08,731182,MARJOS WS,500.0,317949,417815,,2024-05-08,MARJOS WS,Cash,Cash and cash equivalents:Cash on Hand:Cash on Hand - Main,373670,,,317949.0,,,500.0,500.0,731182,,PHP,
1,Reference No,731186,SATURNINO E. GOMEZ ELEMENTARY SCHOOL,600.0,373717.0,2024-05-10,731186,SATURNINO E GOMEZ ELEMENTARY SCHOOL,600.0,302219,417823,,2024-05-10,SATURNINO E GOMEZ ELEMENTARY SCHOOL,Cash,Cash and cash equivalents:Cash on Hand:Cash on Hand - Main,373717,,,302219.0,,,600.0,600.0,731186,,PHP,
1,Reference No,731185,P. GANS MEMORIAL ELEMENTARY SCHOOL DEEPWELL,600.0,373716.0,2024-05-10,731185,P. GARIS MEMORIAL ELEMENTARY SCHOOL DEEPWELL,600.0,302218,417821,,2024-05-10,P. GARIS MEMORIAL ELEMENTARY SCHOOL DEEPWELL,Cash,Cash and cash equivalents:Cash on Hand:Cash on Hand - Main,373716,,,302218.0,,,600.0,600.0,731185,,PHP,
1,Reference No,731187,PIÑAHAN ELEMENTARY SCHOOL,600.0,373718.0,2024-05-10,731187,PIÑAHAN ELEMENTARY SCHOOL,600.0,302220,417825,,2024-05-10,PIÑAHAN ELEMENTARY SCHOOL,Cash,Cash and cash equivalents:Cash on Hand:Cash on Hand - Main,373718,,,302220.0,,,600.0,600.0,731187,,PHP,
1,Reference No,731190,SAMPAGUITA ELEMENTARY SCHOOL DEEPWELL,600.0,373721.0,2024-05-10,731190,SAMPAGUITA ELEMENTARY SCHOOL DEEPWELL,600.0,302223,417831,,2024-05-10,SAMPAGUITA ELEMENTARY SCHOOL DEEPWELL,Cash,Cash and cash equivalents:Cash on Hand:Cash on Hand - Main,373721,,,302223.0,,,600.0,600.0,731190,,PHP,
1,Reference No,731189,GAMAO ELEMENTARY SCHOOL DEEPWELL,600.0,373720.0,2024-05-10,731189,GAMAO ELEMENTARY SCHOOL DEEPWELL,600.0,302222,417830,,2024-05-10,GAMAO ELEMENTARY SCHOOL DEEPWELL,Cash,Cash and cash equivalents:Cash on Hand:Cash on Hand - Main,373720,,,302222.0,,,600.0,600.0,731189,,PHP,
1,Reference No,731188,BACUNGAN ELEMENTARY SCHOOL,600.0,373719.0,2024-05-10,731188,BACUNGAN ELEMENTARY SCHOOL,600.0,302221,417829,,2024-05-10,BACUNGAN ELEMENTARY SCHOOL,Cash,Cash and cash equivalents:Cash on Hand:Cash on Hand - Main,373719,,,302221.0,,,600.0,600.0,731188,,PHP,
1,Reference No,731194,AURORA NATIONAL HIGHSCHOOL DEEPWELL,600.0,373726.0,2024-05-10,731194,AURORA NATIONAL HIGHSCHOOL DEEPWELL,600.0,302233,417836,,2024-05-10,AURORA NATIONAL HIGHSCHOOL DEEPWELL,Cash,Cash and cash equivalents:Cash on Hand:Cash on Hand - Main,373726,,,302233.0,,,600.0,600.0,731194,,PHP,
1,Reference No,731193,AURORA CENTRAL SCHOOL DEEPWELL,600.0,373725.0,2024-05-10,731193,AURORA CENTRAL SCHOOL DEEPWELL,600.0,302232,417834,,2024-05-10,AURORA CENTRAL SCHOOL DEEPWELL,Cash,Cash and cash equivalents:Cash on Hand:Cash on Hand - Main,373725,,,302232.0,,,600.0,600.0,731193,,PHP,
1,Reference No,731192,MULAWIN ELEMENTARY SCHOOL,600.0,373724.0,2024-05-10,731192,MULAWIN ELEMENTARY SCHOOL,600.0,302231,417832,,2024-05-10,MULAWIN ELEMENTARY SCHOOL,Cash,Cash and cash equivalents:Cash on Hand:Cash on Hand - Main,373724,,,302231.0,,,600.0,600.0,731192,,PHP,
1,Reference No,731199,MAHABANG PARANG ELEMENTARY SCHOOL DEEPWELL,600.0,373732.0,2024-05-10,731199,MAHABANG PARANG ELEMENTARY SCHOOL DEEPWELL,600.0,302239,417844,,2024-05-10,MAHABANG PARANG ELEMENTARY SCHOOL DEEPWELL,Cash,Cash and cash equivalents:Cash on Hand:Cash on Hand - Main,373732,,,302239.0,,,600.0,600.0,731199,,PHP,
1,Reference No,731198,INARAWAN ELEMENTARY SCHOOL,600.0,373731.0,2024-05-10,731198,INARAWAN ELEMENTARY SCHOOL,600.0,302238,417842,,2024-05-10,INARAWAN ELEMENTARY SCHOOL,Cash,Cash and cash equivalents:Cash on Hand:Cash on Hand - Main,373731,,,302238.0,,,600.0,600.0,731198,,PHP,
1,Reference No,731197,SAN NICOLAS ELEMENTARY SCHOOL DEEPWELL,600.0,373730.0,2024-05-10,731197,SAN NICOLAS ELEMENTARY SCHOOL DEEPWELL,600.0,302237,417840,,2024-05-10,SAN NICOLAS ELEMENTARY SCHOOL DEEPWELL,Cash,Cash and cash equivalents:Cash on Hand:Cash on Hand - Main,373730,,,302237.0,,,600.0,600.0,731197,,PHP,
1,Reference No,731196,TIGKAN ELEMENTARY SCHOOL DEEPWELL,600.0,373729.0,2024-05-10,731196,TIGKAN ELEMENTARY SCHOOL DEEPWELL,600.0,302236,417838,,2024-05-10,TIGKAN ELEMENTARY SCHOOL DEEPWELL,Cash,Cash and cash equivalents:Cash on Hand:Cash on Hand - Main,373729,,,302236.0,,,600.0,600.0,731196,,PHP,
1,Reference No,731296,RENAL LINK CORP.,1500.0,373578.0,2024-05-30,731296,RENALINK NEPHROLOGY CENTER RAW,1500.0,302690,417849,,2024-05-30,RENALINK NEPHROLOGY CENTER RAW,Cash,Cash and cash equivalents:Cash on Hand:Cash on Hand - Main,373578,,,302690.0,,,1500.0,1500.0,731296,,PHP,
1,Reference No,731350,AL CRIZU'S CATERING & EVENT SERVICES,3500.0,373931.0,2024-05-14,731350,CAM SUR AL CRIZUS CATERING & EVENT SERVICES BAAO WTD,4000.0,,417852,,2024-05-14,CAM SUR AL CRIZUS CATERING & EVENT SERVICES BAAO WTD,Cash,Cash and cash equivalents:Cash on Hand:Cash on Hand - Main,,,,,,,4000.0,4000.0,731350,,PHP,
1,Reference No,731349,LA SALLAN WRS,3500.0,373929.0,2024-05-14,731349,ALBAY LA SALLAN WRS,4000.0,,417851,,2024-05-14,ALBAY LA SALLAN WRS,Cash,Cash and cash equivalents:Cash on Hand:Cash on Hand - Main,,,,,,,4000.0,4000.0,731349,,PHP,
1,Reference No,731348,GLIVERIO BITON,3500.0,373928.0,2024-05-14,731348,GLIOREIO BITON DEEPWELL,3500.0,302720,417850,,2024-05-14,GLIOREIO BITON DEEPWELL,Cash,Cash and cash equivalents:Cash In bank:CIB BDO 0776,373928,,,302720.0,,,3500.0,3500.0,731348,,PHP,
1,Reference No,3584,AQUA SALUDABLE,550.0,373170.0,2024-05-20,3584,AQUA SALUDABLE,550.0,320619,417944,,2024-05-20,AQUA SALUDABLE,Cash,Cash and cash equivalents:Cash In bank:CIB BDO 0776,373170,,,320619.0,,,550.0,550.0,3584,,PHP,
1,Reference No,3585,JONEL H2O REFILLING STATION,550.0,373168.0,2024-05-20,3585,JONEL H2O REFILLING STATION,550.0,320617,417945,,2024-05-20,JONEL H2O REFILLING STATION,Cash,Cash and cash equivalents:Cash In bank:CIB BDO 0776,373168,,,320617.0,,,550.0,550.0,3585,,PHP,
1,Reference No,3591,CHOWKING FOOD CORP,2250.0,372570.0,2024-05-22,3591,CHOWKING- A. TANGCO,2250.0,301824,417950,,2024-05-22,CHOWKING- A. TANGCO,Cash,Cash and cash equivalents:Cash In bank:CIB BDO 0776,372570,,,301824.0,,,2250.0,2250.0,3591,,PHP,
1,Reference No,3590,GOLD SUNRISE CORPORATION,3000.0,372569.0,2024-05-22,3590,GOLD SUNRISE,3000.0,301812,417949,,2024-05-22,GOLD SUNRISE,Cash,Cash and cash equivalents:Cash In bank:CIB BDO 0776,372569,,,301812.0,,,3000.0,3000.0,3590,,PHP,
1,Reference No,3588,BUENA AGUA WATER REFILLING STATION,550.0,373190.0,2024-05-20,3588,BUENA AGUA WATER REFILLING STATION,550.0,320648,417948,,2024-05-20,BUENA AGUA WATER REFILLING STATION,Cash,Cash and cash equivalents:Cash In bank:CIB BDO 0776,373190,,,320648.0,,,550.0,550.0,3588,,PHP,
1,Reference No,3587,GREEN SPIRIT PURIFIED DRINKING WATER,550.0,373189.0,2024-05-20,3587,GREEN SPIRIT PURIFIED DRINKING WATER,550.0,320647,417947,,2024-05-20,GREEN SPIRIT PURIFIED DRINKING WATER,Cash,Cash and cash equivalents:Cash In bank:CIB BDO 0776,373189,,,320647.0,,,550.0,550.0,3587,,PHP,
1,Reference No,3586,MARRY JASMIN GRACE WATER REFILLING STATION CITY WATER,550.0,373187.0,2024-05-20,3586,MARRY JASMIN GRACE WATER REFILLING STATION CITY WATER,550.0,320645,417946,,2024-05-20,MARRY JASMIN GRACE WATER REFILLING STATION CITY WATER,Cash,Cash and cash equivalents:Cash In bank:CIB BDO 0776,373187,,,320645.0,,,550.0,550.0,3586,,PHP,
1,Reference No,3601,LIAMS W.S,550.0,372817.0,2024-05-14,3601,ANTIPOLO LIAMS WRS,450.0,,417954,,2024-05-14,ANTIPOLO LIAMS WRS,Cash,Cash and cash equivalents:Cash on Hand:Cash on Hand - Main,,,,,,,450.0,450.0,3601,,PHP,
1,Reference No,3595,EST. NAMNAM INC,1100.0,373095.0,2024-05-22,3595,QC MANAM ROBINSONS MAGNOLIA MANILA,1100.0,,417953,,2024-05-22,QC MANAM ROBINSONS MAGNOLIA MANILA,Cash,Cash and cash equivalents:Cash on Hand:Cash on Hand - Main,,,,,,,1100.0,1100.0,3595,,PHP,
1,Reference No,3594,MR. ANG WATER REFILLING STATION,550.0,373076.0,2024-05-22,3594,MR. ANG WATER REFILLING STATION,550.0,318834,417952,,2024-05-22,MR. ANG WATER REFILLING STATION,Cash,Cash and cash equivalents:Cash In bank:CIB BDO 0776,373076,,,318834.0,,,550.0,550.0,3594,,PHP,
1,Reference No,3592,KNOX PORT,2250.0,372565.0,2024-05-22,3592,KFC FOOD CORP.- A. TANGCO,2250.0,301808,417951,,2024-05-22,KFC FOOD CORP.- A. TANGCO,Cash,Cash and cash equivalents:Cash In bank:CIB BDO 0776,372565,,,301808.0,,,2250.0,2250.0,3592,,PHP,
1,Reference No,3605,WILSON S. LINDO,550.0,372804.0,2024-05-14,3605,ANTIPOLO WILSON S LINDO,450.0,,417958,,2024-05-14,ANTIPOLO WILSON S LINDO,Cash,Cash and cash equivalents:Cash on Hand:Cash on Hand - Main,,,,,,,450.0,450.0,3605,,PHP,
1,Reference No,3753,BORACAY FLOW,700.0,372274.0,2024-05-15,3753,BORACAY FLOW,700.0,317822,418046,,2024-05-15,BORACAY FLOW,Cash,Cash and cash equivalents:Cash on Hand:Cash on Hand - Main,372274,,,317822.0,,,700.0,700.0,3753,,PHP,
1,Reference No,3769,LIVING WATER,300.0,372774.0,2024-05-17,3769,LIVING WATER CRISPULO,300.0,301931,418061,,2024-05-17,LIVING WATER CRISPULO,Cash,Cash and cash equivalents:Cash on Hand:Cash on Hand - Main,372774,,,301931.0,,,300.0,300.0,3769,,PHP,
1,Reference No,3768,AQUALIFE WPS,500.0,372776.0,2024-05-17,3768,AQUALIFE WATER,500.0,301936,418060,,2024-05-17,AQUALIFE WATER,Cash,Cash and cash equivalents:Cash on Hand:Cash on Hand - Main,372776,,,301936.0,,,500.0,500.0,3768,,PHP,
1,Reference No,3767,AQUA MEGA,700.0,372266.0,2024-05-17,3767,AQUA MEGA,700.0,317820,418059,,2024-05-17,AQUA MEGA,Cash,Cash and cash equivalents:Cash on Hand:Cash on Hand - Main,372266,,,317820.0,,,700.0,700.0,3767,,PHP,
1,Reference No,3766,ARCANGEL WRS,500.0,372277.0,2024-05-17,3766,ARCANGEL MINERAL,500.0,301569,418058,,2024-05-17,ARCANGEL MINERAL,Cash,Cash and cash equivalents:Cash on Hand:Cash on Hand - Main,372277,,,301569.0,,,500.0,500.0,3766,,PHP,
1,Reference No,3784,MCDONALD'S,350.0,372948.0,2024-05-21,3784,MCDONALD'S,350.0,316259,418072,,2024-05-21,MCDONALD'S,Cash,Cash and cash equivalents:Cash on Hand:Cash on Hand - Main,372948,,,316259.0,,,350.0,350.0,3784,,PHP,
1,Reference No,3783,THE CARAMEL PEARL INC,750.0,372950.0,2024-05-21,3783,THE CARAMEL PEARL INC,750.0,316262,418071,,2024-05-21,THE CARAMEL PEARL INC,Cash,Cash and cash equivalents:Cash on Hand:Cash on Hand - Main,372950,,,316262.0,,,500.0,750.0,3783,,PHP,
1,Reference No,3778,AMAIA STEPS,1200.0,372779.0,2024-05-17,3778,AMAIA STEPS MAYNILAD CLUB HOUSE,1200.0,301939,418070,,2024-05-17,AMAIA STEPS MAYNILAD CLUB HOUSE,Cash,Cash and cash equivalents:Cash on Hand:Cash on Hand - Main,372779,,,301939.0,,,1200.0,1200.0,3778,,PHP,
1,Reference No,3943,AGUA VISTA,500.0,373215.0,2024-05-21,3943,AGUA VISTA,500.0,320689,418097,,2024-05-21,AGUA VISTA,Cash,Cash and cash equivalents:Cash on Hand:Cash on Hand - Main,373215,,,320689.0,,,500.0,500.0,3943,,PHP,
1,Reference No,4000,RICHARD JUANSNG MANILA F,500.0,371663.0,2024-05-29,4000,RICHARD JUANSING,500.0,301234,418105,,2024-05-29,RICHARD JUANSING,Cash,Cash and cash equivalents:Cash on Hand:Cash on Hand - Main,371663,,,301234.0,,,500.0,500.0,4000,,PHP,
1,Reference No,3996,ARCHANGEL RAPHAEL DIALYSIS CENTER,9500.0,372944.0,2024-05-28,3996,ARCHANGEL RAPHAEL DIALYSIS CENTER,9500.0,316245,418104,,2024-05-28,ARCHANGEL RAPHAEL DIALYSIS CENTER,Cash,Cash and cash equivalents:Cash on Hand:Cash on Hand - Main,372944,,,316245.0,,,500.0,9500.0,3996,,PHP,
1,Reference No,3985,WCC CRYSTAL CLEAR,500.0,372580.0,2024-05-24,3985,WCC CRYSTAL CLEAR,500.0,318704,418103,,2024-05-24,WCC CRYSTAL CLEAR,Cash,Cash and cash equivalents:Cash on Hand:Cash on Hand - Main,372580,,,318704.0,,,500.0,500.0,3985,,PHP,
1,Reference No,3950,SOAN RHYS WRS,500.0,373226.0,2024-05-21,3950,SOAN RHYS WRS,500.0,320720,418102,,2024-05-21,SOAN RHYS WRS,Cash,Cash and cash equivalents:Cash on Hand:Cash on Hand - Main,373226,,,320720.0,,,500.0,500.0,3950,,PHP,
1,Reference No,4052,THE BAKESHOP BY FREDERICKS COFFEE MASTER'S INC.,750.0,372571.0,2024-05-17,4052,THE BAKESHOP,750.0,301825,418108,,2024-05-17,THE BAKESHOP,Cash,Cash and cash equivalents:Cash on Hand:Cash on Hand - Main,372571,,,301825.0,,,750.0,750.0,4052,,PHP,
1,Reference No,4053,AMBER GOLDEN RESTAURANT,350.0,372559.0,2024-05-17,4053,AMBER,350.0,301803,418109,,2024-05-17,AMBER,Cash,Cash and cash equivalents:Cash on Hand:Cash on Hand - Main,372559,,,301803.0,,,350.0,350.0,4053,,PHP,
1,Reference No,4062,TAPA KING INC,350.0,372564.0,2024-05-17,4062,TAPA KING-MAYSILO,350.0,301807,418117,,2024-05-17,TAPA KING-MAYSILO,Cash,Cash and cash equivalents:Cash on Hand:Cash on Hand - Main,372564,,,301807.0,,,350.0,350.0,4062,,PHP,
1,Reference No,4303,DENISE PARES HAUZ,700.0,372951.0,2024-05-20,4303,DENISE PARES HAUZ MANILA,700.0,302603,418124,,2024-05-20,DENISE PARES HAUZ MANILA,Cash,Cash and cash equivalents:Cash on Hand:Cash on Hand - Main,372951,,,302603.0,,,700.0,700.0,4303,,PHP,
1,Reference No,4302,CLASSIC SAVORY,700.0,372952.0,2024-05-20,4302,CLASSIC SAVORY MANILA F,700.0,302604,418123,,2024-05-20,CLASSIC SAVORY MANILA F,Cash,Cash and cash equivalents:Cash on Hand:Cash on Hand - Main,372952,,,302604.0,,,700.0,700.0,4302,,PHP,
1,Reference No,4304,CINNABON,700.0,372953.0,2024-05-20,4304,CINNABON MANILA,700.0,302605,418125,,2024-05-20,CINNABON MANILA,Cash,Cash and cash equivalents:Cash on Hand:Cash on Hand - Main,372953,,,302605.0,,,700.0,700.0,4304,,PHP,
1,Reference No,4307,L'EAU SUITE,500.0,373216.0,2024-05-28,4307,L'EAU SUITE,500.0,320690,418126,,2024-05-28,L'EAU SUITE,Cash,Cash and cash equivalents:Cash on Hand:Cash on Hand - Main,373216,,,320690.0,,,500.0,500.0,4307,,PHP,
1,Reference No,4308,DMC PWS,500.0,373229.0,2024-05-28,4308,DMC PWS,500.0,320736,418127,,2024-05-28,DMC PWS,Cash,Cash and cash equivalents:Cash on Hand:Cash on Hand - Main,373229,,,320736.0,,,500.0,500.0,4308,,PHP,
1,Reference No,4404,WATAMI,700.0,372634.0,2024-05-21,4404,SHANGRILA WATAMI MANILA WATER PURIFIER,700.0,302510,418133,,2024-05-21,SHANGRILA WATAMI MANILA WATER PURIFIER,Cash,Cash and cash equivalents:Cash In bank:CIB BDO 0776,372634,,,302510.0,,,700.0,700.0,4404,,PHP,
1,Reference No,4403,BULGOGI BROTHERS,700.0,372647.0,2024-05-21,4403,SHANGRILA BULGAGI BROTHERS MANILA WATER PURIFIER,700.0,302517,418132,,2024-05-21,SHANGRILA BULGAGI BROTHERS MANILA WATER PURIFIER,Cash,Cash and cash equivalents:Cash In bank:CIB BDO 0776,372647,,,302517.0,,,700.0,700.0,4403,,PHP,
1,Reference No,4402,TGI FRIDAYS,700.0,372648.0,2024-05-21,4402,SHANGRILA TGI FRIDAY'S,700.0,302518,418131,,2024-05-21,SHANGRILA TGI FRIDAY'S,Cash,Cash and cash equivalents:Cash In bank:CIB BDO 0776,372648,,,302518.0,,,700.0,700.0,4402,,PHP,
1,Reference No,4401,ITALIANNI'S,700.0,372635.0,2024-05-21,4401,SHANGRILA ITALIANNI'S MANILA,700.0,302511,418130,,2024-05-21,SHANGRILA ITALIANNI'S MANILA,Cash,Cash and cash equivalents:Cash In bank:CIB BDO 0776,372635,,,302511.0,,,700.0,700.0,4401,,PHP,
1,Reference No,4406,KETTLE,700.0,372633.0,2024-05-21,4406,SHANGRILA KETTLE MANILA,700.0,302509,418135,,2024-05-21,SHANGRILA KETTLE MANILA,Cash,Cash and cash equivalents:Cash In bank:CIB BDO 0776,372633,,,302509.0,,,700.0,700.0,4406,,PHP,
1,Reference No,4405,BUFFET AVENUE MATGALNE INC,700.0,372636.0,2024-05-21,4405,SHANGRILA BUFFET AVENUE MATGALNE INC MANILA,700.0,302513,418134,,2024-05-21,SHANGRILA BUFFET AVENUE MATGALNE INC MANILA,Cash,Cash and cash equivalents:Cash In bank:CIB BDO 0776,372636,,,302513.0,,,700.0,700.0,4405,,PHP,
1,Reference No,4413,GSAM PHILIPPINES INC.,350.0,372608.0,2024-05-21,4413,SHANGRILA MARELLI'S GELATO MANILA,350.0,302494,418140,,2024-05-21,SHANGRILA MARELLI'S GELATO MANILA,Cash,Cash and cash equivalents:Cash In bank:CIB BDO 0776,372608,,,302494.0,,,350.0,350.0,4413,,PHP,
1,Reference No,4410,CALIFORNIA PIZZA KITCHEN,700.0,372627.0,2024-05-21,4410,SHANGRILA CALIFORNIA PIZZA KITCHEN MANILA,700.0,302507,418139,,2024-05-21,SHANGRILA CALIFORNIA PIZZA KITCHEN MANILA,Cash,Cash and cash equivalents:Cash In bank:CIB BDO 0776,372627,,,302507.0,,,700.0,700.0,4410,,PHP,
1,Reference No,4409,BBB @ THE MALL INC,700.0,372626.0,2024-05-21,4409,SHANGRILA BBB @THE MALL INC MANILA,700.0,302506,418138,,2024-05-21,SHANGRILA BBB @THE MALL INC MANILA,Cash,Cash and cash equivalents:Cash In bank:CIB BDO 0776,372626,,,302506.0,,,700.0,700.0,4409,,PHP,
1,Reference No,4408,ARYA,350.0,372607.0,2024-05-21,4408,SHANGRILA ARYA MANILA,350.0,302493,418137,,2024-05-21,SHANGRILA ARYA MANILA,Cash,Cash and cash equivalents:Cash In bank:CIB BDO 0776,372607,,,302493.0,,,350.0,350.0,4408,,PHP,
1,Reference No,4407,CORAZON,700.0,372631.0,2024-05-21,4407,SHANGRILA CORAZON  MANILA,700.0,302508,418136,,2024-05-21,SHANGRILA CORAZON  MANILA,Cash,Cash and cash equivalents:Cash In bank:CIB BDO 0776,372631,,,302508.0,,,700.0,700.0,4407,,PHP,
1,Reference No,4416,FANTASTE FOOD GROUP INC,2250.0,372574.0,2024-05-21,4416,SMLM FANTASTE FOOD GROUP CORP.,2250.0,301828,418142,,2024-05-21,SMLM FANTASTE FOOD GROUP CORP.,Cash,Cash and cash equivalents:Cash In bank:CIB BDO 0776,372574,,,301828.0,,,2250.0,2250.0,4416,,PHP,
1,Reference No,4414,GSAM PHILIPPINES INC.,350.0,372609.0,2024-05-21,4414,SHANGRILA GYU-KAKU MANILA,350.0,302495,418141,,2024-05-21,SHANGRILA GYU-KAKU MANILA,Cash,Cash and cash equivalents:Cash In bank:CIB BDO 0776,372609,,,302495.0,,,350.0,350.0,4414,,PHP,
1,Reference No,4602,DELI BY CHELE,350.0,372703.0,2024-05-22,4602,MANDA THE PODIUM DELI BY CHELE MANILA,350.0,,418160,,2024-05-22,MANDA THE PODIUM DELI BY CHELE MANILA,Cash,Cash and cash equivalents:Cash on Hand:Cash on Hand - Main,,,,,,,350.0,350.0,4602,,PHP,
1,Reference No,4601,YUMANTREE INCORPORATED,350.0,372682.0,2024-05-22,4601,THE PODIUM YUMANTREE INCORPORATED MANILA,350.0,302541,418159,,2024-05-22,THE PODIUM YUMANTREE INCORPORATED MANILA,Cash,Cash and cash equivalents:Cash In bank:CIB BDO 0776,372682,,,302541.0,,,350.0,350.0,4601,,PHP,
1,Reference No,4606,FOR THE LOVE OF FOOD INC,350.0,372701.0,2024-05-22,4606,THE PODIUM FOR THE LOVE OF FOOD INC MANILA,350.0,302560,418164,,2024-05-22,THE PODIUM FOR THE LOVE OF FOOD INC MANILA,Cash,Cash and cash equivalents:Cash In bank:CIB BDO 0776,372701,,,302560.0,,,350.0,350.0,4606,,PHP,
1,Reference No,4605,WILDFLOUR BAKERY & CAFÉ CORP,1050.0,372672.0,2024-05-22,4605,THE PODIUM WILDFLOUR BAKERY & CAFÉ CORP MANILA,1050.0,302528,418163,,2024-05-22,THE PODIUM WILDFLOUR BAKERY & CAFÉ CORP MANILA,Cash,Cash and cash equivalents:Cash In bank:CIB BDO 0776,372672,,,302528.0,,,1050.0,1050.0,4605,,PHP,
1,Reference No,4604,CAFÉ KITSUNE,700.0,372704.0,2024-05-22,4604,THE PODIUM CAFÉ KITSUNE MANILA,700.0,302564,418162,,2024-05-22,THE PODIUM CAFÉ KITSUNE MANILA,Cash,Cash and cash equivalents:Cash In bank:CIB BDO 0776,372704,,,302564.0,,,700.0,700.0,4604,,PHP,
1,Reference No,4603,GREYHOUND CAFÉ,700.0,372702.0,2024-05-22,4603,THE PODIUM GREYHOUND CAFE MANILA,700.0,302561,418161,,2024-05-22,THE PODIUM GREYHOUND CAFE MANILA,Cash,Cash and cash equivalents:Cash In bank:CIB BDO 0776,372702,,,302561.0,,,700.0,700.0,4603,,PHP,
1,Reference No,4608,NIKKEI,750.0,372664.0,2024-05-22,4608,THE PODIUM NIKKEI MANILA,750.0,302520,418165,,2024-05-22,THE PODIUM NIKKEI MANILA,Cash,Cash and cash equivalents:Cash In bank:CIB BDO 0776,372664,,,302520.0,,,750.0,750.0,4608,,PHP,
1,Reference No,4614,LITTLE KAYA,350.0,372698.0,2024-05-22,4614,THE PODIUM LITTLE KAYA MANILA,350.0,302558,418170,,2024-05-22,THE PODIUM LITTLE KAYA MANILA,Cash,Cash and cash equivalents:Cash In bank:CIB BDO 0776,372698,,,302558.0,,,350.0,350.0,4614,,PHP,
1,Reference No,4612,CATCH OF THE DAY,350.0,372694.0,2024-05-22,4612,THE PODIUM CATCH OF THE DAY MANILA,350.0,302554,418169,,2024-05-22,THE PODIUM CATCH OF THE DAY MANILA,Cash,Cash and cash equivalents:Cash In bank:CIB BDO 0776,372694,,,302554.0,,,350.0,350.0,4612,,PHP,
1,Reference No,4611,METRO KITCHEN INNOVATION INC,350.0,372707.0,2024-05-22,4611,THE PODIUM MOSHI KOSHI MANILA,350.0,302567,418168,,2024-05-22,THE PODIUM MOSHI KOSHI MANILA,Cash,Cash and cash equivalents:Cash In bank:CIB BDO 0776,372707,,,302567.0,,,350.0,350.0,4611,,PHP,
1,Reference No,4610,STOCKWELL,350.0,372693.0,2024-05-22,4610,THE PODIUM STOCKWELL MANILA,350.0,302552,418167,,2024-05-22,THE PODIUM STOCKWELL MANILA,Cash,Cash and cash equivalents:Cash In bank:CIB BDO 0776,372693,,,302552.0,,,350.0,350.0,4610,,PHP,
1,Reference No,4609,TERRY SELECTION INC,700.0,372674.0,2024-05-22,4609,THE PODIUM TERRY SELECTION INC MANILA,700.0,302532,418166,,2024-05-22,THE PODIUM TERRY SELECTION INC MANILA,Cash,Cash and cash equivalents:Cash In bank:CIB BDO 0776,372674,,,302532.0,,,700.0,700.0,4609,,PHP,
1,Reference No,4619,EAT DRINK AND INNOVATE INC,700.0,372671.0,2024-05-22,4619,THE PODIUM NONO'S,700.0,302527,418174,,2024-05-22,THE PODIUM NONO'S,Cash,Cash and cash equivalents:Cash In bank:CIB BDO 0776,372671,,,302527.0,,,700.0,700.0,4619,,PHP,
1,Reference No,4618,PARADISE DYNASTY,350.0,372670.0,2024-05-22,4618,THE PODIUM PARADISE DYNASTY MANILA,350.0,302526,418173,,2024-05-22,THE PODIUM PARADISE DYNASTY MANILA,Cash,Cash and cash equivalents:Cash In bank:CIB BDO 0776,372670,,,302526.0,,,350.0,350.0,4618,,PHP,
1,Reference No,4616,HAPPY EVERYDAY FOODIE INC,350.0,372695.0,2024-05-22,4616,THE PODIUM CHAR DINING PHILS INC MANILA,350.0,302555,418172,,2024-05-22,THE PODIUM CHAR DINING PHILS INC MANILA,Cash,Cash and cash equivalents:Cash In bank:CIB BDO 0776,372695,,,302555.0,,,350.0,350.0,4616,,PHP,
1,Reference No,4615,YUMMYVERSE CORP,350.0,372708.0,2024-05-22,4615,THE PODIUM YUMMY VERSE CORP MANILA,350.0,302568,418171,,2024-05-22,THE PODIUM YUMMY VERSE CORP MANILA,Cash,Cash and cash equivalents:Cash In bank:CIB BDO 0776,372708,,,302568.0,,,350.0,350.0,4615,,PHP,
1,Reference No,4620,THERIAC DBA GREEN PASTURES CORP,700.0,372675.0,2024-05-22,4620,THE PODIUM SOUV BY CYMA MANILA,700.0,302533,418175,,2024-05-22,THE PODIUM SOUV BY CYMA MANILA,Cash,Cash and cash equivalents:Cash In bank:CIB BDO 0776,372675,,,302533.0,,,700.0,700.0,4620,,PHP,
1,Reference No,4621,SWEET BASIL FOOD & TRADING INC,700.0,372681.0,2024-05-22,4621,THE PODIUM BASIL MANILA,700.0,302540,418176,,2024-05-22,THE PODIUM BASIL MANILA,Cash,Cash and cash equivalents:Cash In bank:CIB BDO 0776,372681,,,302540.0,,,700.0,700.0,4621,,PHP,
1,Reference No,4625,KOOMI,700.0,372690.0,2024-05-22,4625,THE PODIUM KOOMI,700.0,302550,418180,,2024-05-22,THE PODIUM KOOMI,Cash,Cash and cash equivalents:Cash In bank:CIB BDO 0776,372690,,,302550.0,,,700.0,700.0,4625,,PHP,
1,Reference No,4624,NEW BOMBAY,350.0,372678.0,2024-05-22,4624,THE PODIUM NEW BOMBAY MANILA,350.0,302537,418179,,2024-05-22,THE PODIUM NEW BOMBAY MANILA,Cash,Cash and cash equivalents:Cash In bank:CIB BDO 0776,372678,,,302537.0,,,350.0,350.0,4624,,PHP,
1,Reference No,4623,THE BIG CHILL INC,350.0,372686.0,2024-05-22,4623,THE PODIUM THE BIG CHILL INC ICE,350.0,302546,418178,,2024-05-22,THE PODIUM THE BIG CHILL INC ICE,Cash,Cash and cash equivalents:Cash In bank:CIB BDO 0776,372686,,,302546.0,,,350.0,350.0,4623,,PHP,
1,Reference No,4622,LA VITA FOOD VENTURES INC,700.0,372705.0,2024-05-22,4622,THE PODIUM BOM GOSTO! MANILA,700.0,302565,418177,,2024-05-22,THE PODIUM BOM GOSTO! MANILA,Cash,Cash and cash equivalents:Cash In bank:CIB BDO 0776,372705,,,302565.0,,,700.0,700.0,4622,,PHP,
1,Reference No,4629,BIRD BOSS,350.0,372684.0,2024-05-22,4629,THE PODIUM BIRD BOSS MANILA,350.0,302544,418183,,2024-05-22,THE PODIUM BIRD BOSS MANILA,Cash,Cash and cash equivalents:Cash In bank:CIB BDO 0776,372684,,,302544.0,,,350.0,350.0,4629,,PHP,
1,Reference No,4628,SEBASTIAN'S ARTISANAL INC,350.0,372691.0,2024-05-22,4628,MANDA THE PODIUM SEBASTIANS ARTISANAL INC MANILA,350.0,,418182,,2024-05-22,MANDA THE PODIUM SEBASTIANS ARTISANAL INC MANILA,Cash,Cash and cash equivalents:Cash on Hand:Cash on Hand - Main,,,,,,,350.0,350.0,4628,,PHP,
1,Reference No,4627,NANYANG,700.0,372687.0,2024-05-22,4627,THE PODIUM NANYANG MANILA,700.0,302547,418181,,2024-05-22,THE PODIUM NANYANG MANILA,Cash,Cash and cash equivalents:Cash In bank:CIB BDO 0776,372687,,,302547.0,,,700.0,700.0,4627,,PHP,
1,Reference No,4654,PLCO 07,450.0,371619.0,2024-05-22,4654,PLCO 07,450.0,317753,418195,,2024-05-22,PLCO 07,Cash,Cash and cash equivalents:Cash on Hand:Cash on Hand - Main,371619,,,317753.0,,,450.0,450.0,4654,,PHP,
1,Reference No,4653,PRIMIRA AQUA ALKALINE PWRS,450.0,371613.0,2024-05-22,4653,PRIMER AGUA ALKALINE PWRS,450.0,301206,418194,,2024-05-22,PRIMER AGUA ALKALINE PWRS,Cash,Cash and cash equivalents:Cash on Hand:Cash on Hand - Main,371613,,,301206.0,,,450.0,450.0,4653,,PHP,
1,Reference No,4652,WATER MARKET EAST CAPITOL,500.0,371611.0,2024-05-22,4652,WATER MARKET EAST CAPITOL,500.0,301204,418193,,2024-05-22,WATER MARKET EAST CAPITOL,Cash,Cash and cash equivalents:Cash on Hand:Cash on Hand - Main,371611,,,301204.0,,,500.0,500.0,4652,,PHP,
1,Reference No,4657,ADB WRS,500.0,371623.0,2024-05-22,4657,ADB WRS,500.0,317754,418197,,2024-05-22,ADB WRS,Cash,Cash and cash equivalents:Cash on Hand:Cash on Hand - Main,371623,,,317754.0,,,450.0,500.0,4657,,PHP,
1,Reference No,4655,CRYSTAL BLESSING ESCRIVA BRANCH,450.0,371622.0,2024-05-22,4655,CRYSTAL BLESSED ESCRIVA,450.0,301213,418196,,2024-05-22,CRYSTAL BLESSED ESCRIVA,Cash,Cash and cash equivalents:Cash on Hand:Cash on Hand - Main,371622,,,301213.0,,,450.0,450.0,4655,,PHP,
1,Reference No,4662,SEA WRS,500.0,371718.0,2024-05-24,4662,SEA WRS,500.0,317785,418201,,2024-05-24,SEA WRS,Cash,Cash and cash equivalents:Cash on Hand:Cash on Hand - Main,371718,,,317785.0,,,450.0,500.0,4662,,PHP,
1,Reference No,4660,AEBV WS,450.0,371636.0,2024-05-22,4660,AEDY WATER STATION,450.0,301222,418200,,2024-05-22,AEDY WATER STATION,Cash,Cash and cash equivalents:Cash on Hand:Cash on Hand - Main,371636,,,301222.0,,,450.0,450.0,4660,,PHP,
1,Reference No,4659,TRICITY MEDICAL CENTER,500.0,371634.0,2024-05-22,4659,TRICITY MEDICAL CENTER,500.0,317758,418199,,2024-05-22,TRICITY MEDICAL CENTER,Cash,Cash and cash equivalents:Cash on Hand:Cash on Hand - Main,371634,,,317758.0,,,500.0,500.0,4659,,PHP,
1,Reference No,4658,TRICITY WS,500.0,371635.0,2024-05-22,4658,TRICITY WS,500.0,301221,418198,,2024-05-22,TRICITY WS,Cash,Cash and cash equivalents:Cash on Hand:Cash on Hand - Main,371635,,,301221.0,,,500.0,500.0,4658,,PHP,
1,Reference No,4667,PURECRYST RS,500.0,371699.0,2024-05-24,4667,PURECRYST RS,500.0,317778,418205,,2024-05-24,PURECRYST RS,Cash,Cash and cash equivalents:Cash on Hand:Cash on Hand - Main,371699,,,317778.0,,,450.0,500.0,4667,,PHP,
1,Reference No,4666,RALPHMAE WRS,450.0,371701.0,2024-05-24,4666,RALPHMAE WRS,450.0,317780,418204,,2024-05-24,RALPHMAE WRS,Cash,Cash and cash equivalents:Cash on Hand:Cash on Hand - Main,371701,,,317780.0,,,450.0,450.0,4666,,PHP,
1,Reference No,4664,PALMDALE HEIGHTS CONDOMINIUM CORP.,400.0,371709.0,2024-05-24,4664,PALMDALE HEIGHTS CONDOMINIUM,400.0,301263,418203,,2024-05-24,PALMDALE HEIGHTS CONDOMINIUM,Cash,Cash and cash equivalents:Cash on Hand:Cash on Hand - Main,371709,,,301263.0,,,400.0,400.0,4664,,PHP,
1,Reference No,4663,SALIGAV PWRS,450.0,371704.0,2024-05-24,4663,SALIGAV PWRS,450.0,317782,418202,,2024-05-24,SALIGAV PWRS,Cash,Cash and cash equivalents:Cash on Hand:Cash on Hand - Main,371704,,,317782.0,,,450.0,450.0,4663,,PHP,
1,Reference No,4668,JRR WRS,450.0,371702.0,2024-05-24,4668,JRR WRS,450.0,317781,418206,,2024-05-24,JRR WRS,Cash,Cash and cash equivalents:Cash on Hand:Cash on Hand - Main,371702,,,317781.0,,,450.0,450.0,4668,,PHP,
1,Reference No,4673,TABAYAG WRS,500.0,371700.0,2024-05-24,4673,TABAYAG WRS,500.0,317779,418210,,2024-05-24,TABAYAG WRS,Cash,Cash and cash equivalents:Cash on Hand:Cash on Hand - Main,371700,,,317779.0,,,450.0,500.0,4673,,PHP,
1,Reference No,4672,RHEALUKE WRS,500.0,371693.0,2024-05-24,4672,RHEALUKE WRS,500.0,317774,418209,,2024-05-24,RHEALUKE WRS,Cash,Cash and cash equivalents:Cash on Hand:Cash on Hand - Main,371693,,,317774.0,,,450.0,500.0,4672,,PHP,
1,Reference No,4671,BUCAG WRS,400.0,372942.0,2024-05-24,4671,BUCAG WRS,400.0,316243,418208,,2024-05-24,BUCAG WRS,Cash,Cash and cash equivalents:Cash on Hand:Cash on Hand - Main,372942,,,316243.0,,,400.0,400.0,4671,,PHP,
1,Reference No,4669,MBF WRS,500.0,371692.0,2024-05-24,4669,MBF WRS,500.0,317773,418207,,2024-05-24,MBF WRS,Cash,Cash and cash equivalents:Cash on Hand:Cash on Hand - Main,371692,,,317773.0,,,450.0,500.0,4669,,PHP,
1,Reference No,4678,HIGH PH,350.0,371687.0,2024-05-24,4678,HIGH PH,350.0,301255,418214,,2024-05-24,HIGH PH,Cash,Cash and cash equivalents:Cash on Hand:Cash on Hand - Main,371687,,,301255.0,,,350.0,350.0,4678,,PHP,
1,Reference No,4676,PURE FLOW WS,450.0,371697.0,2024-05-24,4676,PURE FLOW WS,450.0,317777,418213,,2024-05-24,PURE FLOW WS,Cash,Cash and cash equivalents:Cash on Hand:Cash on Hand - Main,371697,,,317777.0,,,450.0,450.0,4676,,PHP,
1,Reference No,4675,JIG KATE WS,450.0,371698.0,2024-05-24,4675,JLG KATE,450.0,301260,418212,,2024-05-24,JLG KATE,Cash,Cash and cash equivalents:Cash on Hand:Cash on Hand - Main,371698,,,301260.0,,,450.0,450.0,4675,,PHP,
1,Reference No,4674,RCM MINERAL WATER,500.0,371707.0,2024-05-24,4674,RCM MINERAL WS,500.0,301262,418211,,2024-05-24,RCM MINERAL WS,Cash,Cash and cash equivalents:Cash on Hand:Cash on Hand - Main,371707,,,301262.0,,,450.0,500.0,4674,,PHP,
1,Reference No,4692,MCDONALD'S- EDSA BONI,2100.0,372573.0,2024-05-31,4692,MCDONALD'S EDSA BONI,2100.0,301827,418215,,2024-05-31,MCDONALD'S EDSA BONI,Cash,Cash and cash equivalents:Cash on Hand:Cash on Hand - Main,372573,,,301827.0,,,2100.0,2100.0,4692,,PHP,
1,Reference No,4715,MIRIAM'S WRS,350.0,372460.0,2024-05-28,4715,MRIAM'S WRS,350.0,302456,418229,,2024-05-28,MRIAM'S WRS,Cash,Cash and cash equivalents:Cash on Hand:Cash on Hand - Main,372460,,,302456.0,,,350.0,350.0,4715,,PHP,
1,Reference No,4714,SEVEN LAKES,350.0,372525.0,2024-05-28,4714,SEVEN LAKES,350.0,318676,418228,,2024-05-28,SEVEN LAKES,Cash,Cash and cash equivalents:Cash on Hand:Cash on Hand - Main,372525,,,318676.0,,,350.0,350.0,4714,,PHP,
1,Reference No,4713,TOOBIGAN WS,350.0,372505.0,2024-05-28,4713,TOOBIGAN WS,350.0,302481,418227,,2024-05-28,TOOBIGAN WS,Cash,Cash and cash equivalents:Cash on Hand:Cash on Hand - Main,372505,,,302481.0,,,350.0,350.0,4713,,PHP,
1,Reference No,4716,FOREST MIST,350.0,372458.0,2024-05-28,4716,FOREST MIST,350.0,318642,418230,,2024-05-28,FOREST MIST,Cash,Cash and cash equivalents:Cash on Hand:Cash on Hand - Main,372458,,,318642.0,,,350.0,350.0,4716,,PHP,
1,Reference No,4754,HERSVIL FOODS CORP,350.0,371045.0,2024-05-28,4754,HERSVIL FOODS CORP,350.0,318384,418235,,2024-05-28,Hersvil Foods Corp,Cash,Cash and cash equivalents:Cash on Hand:Cash on Hand - Main,371045,,,318384.0,,,350.0,350.0,4754,,PHP,
1,Reference No,4752,PPI HOLDINGS INC.,700.0,371006.0,2024-05-28,4752,PPI HOLDINGS INC.,700.0,318362,418234,,2024-05-28,PPI HOLDINGS INC.,Cash,Cash and cash equivalents:Cash on Hand:Cash on Hand - Main,371006,,,318362.0,,,700.0,700.0,4752,,PHP,
1,Reference No,4756,SIZZLING PLATE,350.0,371038.0,2024-05-28,4756,SIZZLING PLATE,350.0,318378,418237,,2024-05-28,SIZZLING PLATE,Cash,Cash and cash equivalents:Cash on Hand:Cash on Hand - Main,371038,,,318378.0,,,350.0,350.0,4756,,PHP,
1,Reference No,4755,TAYOYADON,350.0,371069.0,2024-05-28,4755,TAYOYADON,350.0,318401,418236,,2024-05-28,TAYOYADON,Cash,Cash and cash equivalents:Cash on Hand:Cash on Hand - Main,371069,,,318401.0,,,350.0,350.0,4755,,PHP,
1,Reference No,4762,KIPP'S CHICKEN,700.0,371001.0,2024-05-28,4762,KIPP'S CHICKEN,700.0,318357,418243,,2024-05-28,Kipp's Chicken,Cash,Cash and cash equivalents:Cash on Hand:Cash on Hand - Main,371001,,,318357.0,,,700.0,700.0,4762,,PHP,
1,Reference No,4761,AN TONG BALBAL FOOD TRADING CORP.,350.0,371042.0,2024-05-28,4761,AN TONG BALBAL FOOD TRADING CORP.,350.0,318381,418242,,2024-05-28,AN TONG BALBAL FOOD TRADING CORP.,Cash,Cash and cash equivalents:Cash on Hand:Cash on Hand - Main,371042,,,318381.0,,,350.0,350.0,4761,,PHP,
1,Reference No,4760,DENNIS THE GRILL BOY,350.0,371066.0,2024-05-28,4760,DENNIS THE GRILL BOY,350.0,318398,418241,,2024-05-28,DENNIS THE GRILL BOY,Cash,Cash and cash equivalents:Cash on Hand:Cash on Hand - Main,371066,,,318398.0,,,350.0,350.0,4760,,PHP,
1,Reference No,4759,HOT STAR,700.0,371008.0,2024-05-28,4759,HOT STAR,700.0,318363,418240,,2024-05-28,HOT STAR,Cash,Cash and cash equivalents:Cash on Hand:Cash on Hand - Main,371008,,,318363.0,,,700.0,700.0,4759,,PHP,
1,Reference No,4758,PA FORT FOOD VENTURES INC.,350.0,370999.0,2024-05-28,4758,PA FORT FOOD VENTURES INC.,350.0,318355,418239,,2024-05-28,PA Fort Food Ventures Inc.,Cash,Cash and cash equivalents:Cash on Hand:Cash on Hand - Main,370999,,,318355.0,,,350.0,350.0,4758,,PHP,
1,Reference No,4757,HARVESTERS VEGETARIAN,350.0,371027.0,2024-05-28,4757,HARVESTERS VEGETARIAN,350.0,318368,418238,,2024-05-28,HARVESTERS VEGETARIAN,Cash,Cash and cash equivalents:Cash on Hand:Cash on Hand - Main,371027,,,318368.0,,,350.0,350.0,4757,,PHP,
1,Reference No,4764,MR KIMBOB,700.0,371000.0,2024-05-28,4764,MR KIMBOB,700.0,318356,418245,,2024-05-28,MR KIMBOB,Cash,Cash and cash equivalents:Cash on Hand:Cash on Hand - Main,371000,,,318356.0,,,700.0,700.0,4764,,PHP,
1,Reference No,4763,GOTO KING,350.0,371041.0,2024-05-28,4763,GOTO KING,350.0,318380,418244,,2024-05-28,Goto King,Cash,Cash and cash equivalents:Cash on Hand:Cash on Hand - Main,371041,,,318380.0,,,350.0,350.0,4763,,PHP,
1,Reference No,4766,RBQ FOOD SPECIALISTS INC.,700.0,371036.0,2024-05-28,4766,RBQ FOOD SPECIALISTS INC.,700.0,318376,418247,,2024-05-28,RBQ FOOD SPECIALISTS INC.,Cash,Cash and cash equivalents:Cash on Hand:Cash on Hand - Main,371036,,,318376.0,,,700.0,700.0,4766,,PHP,
1,Reference No,4765,LYDIAS LECHON,350.0,370998.0,2024-05-28,4765,LYDIAS LECHON,350.0,318354,418246,,2024-05-28,LYDIAS LECHON,Cash,Cash and cash equivalents:Cash on Hand:Cash on Hand - Main,370998,,,318354.0,,,350.0,350.0,4765,,PHP,
1,Reference No,4768,PEPA WINGS,350.0,371040.0,2024-05-28,4768,PEPA WINGS,350.0,318379,418249,,2024-05-28,PEPA WINGS,Cash,Cash and cash equivalents:Cash on Hand:Cash on Hand - Main,371040,,,318379.0,,,350.0,350.0,4768,,PHP,
1,Reference No,4767,DAVAO TUNA GRILL,700.0,370997.0,2024-05-28,4767,DAVAO TUNA GRILL,700.0,318352,418248,,2024-05-28,DAVAO TUNA GRILL,Cash,Cash and cash equivalents:Cash on Hand:Cash on Hand - Main,370997,,,318352.0,,,700.0,700.0,4767,,PHP,
1,Reference No,4853,DANIEL'S WRS,500.0,373271.0,2024-05-23,4853,DANIEL'S WRS,500.0,320797,418268,,2024-05-23,DANIEL'S WRS,Cash,Cash and cash equivalents:Cash on Hand:Cash on Hand - Main,373271,,,320797.0,,,500.0,500.0,4853,,PHP,
1,Reference No,4852,MFT WRS,500.0,373253.0,2024-05-23,4852,MFT WRS,500.0,320772,418267,,2024-05-23,MFT WRS,Cash,Cash and cash equivalents:Cash on Hand:Cash on Hand - Main,373253,,,320772.0,,,500.0,500.0,4852,,PHP,
1,Reference No,4858,HAPPY SPRING WRS,500.0,373272.0,2024-05-23,4858,HAPPY SPRING WRS,500.0,320798,418273,,2024-05-23,HAPPY SPRING WRS,Cash,Cash and cash equivalents:Cash on Hand:Cash on Hand - Main,373272,,,320798.0,,,500.0,500.0,4858,,PHP,
1,Reference No,4857,HYDRO BLESS RS,500.0,373275.0,2024-05-23,4857,HYDRO BLESS RS,500.0,320801,418272,,2024-05-23,HYDRO BLESS RS,Cash,Cash and cash equivalents:Cash on Hand:Cash on Hand - Main,373275,,,320801.0,,,500.0,500.0,4857,,PHP,
1,Reference No,4856,MODERN LIVING WATER RS,500.0,373254.0,2024-05-23,4856,MODERN LIVING WATER RS,500.0,320773,418271,,2024-05-23,MODERN LIVING WATER RS,Cash,Cash and cash equivalents:Cash on Hand:Cash on Hand - Main,373254,,,320773.0,,,500.0,500.0,4856,,PHP,
1,Reference No,4855,VENCEL WRS,500.0,373280.0,2024-05-23,4855,VENCEL WRS,500.0,320805,418270,,2024-05-23,VENCEL WRS,Cash,Cash and cash equivalents:Cash on Hand:Cash on Hand - Main,373280,,,320805.0,,,500.0,500.0,4855,,PHP,
1,Reference No,4854,KLIN WATER SOURCE,500.0,373265.0,2024-05-23,4854,KLIN WATER SOURCE,500.0,320792,418269,,2024-05-23,KLIN WATER SOURCE,Cash,Cash and cash equivalents:Cash on Hand:Cash on Hand - Main,373265,,,320792.0,,,500.0,500.0,4854,,PHP,
1,Reference No,4860,57 PDW,500.0,373279.0,2024-05-23,4860,57 PDW,500.0,320804,418275,,2024-05-23,57 PDW,Cash,Cash and cash equivalents:Cash on Hand:Cash on Hand - Main,373279,,,320804.0,,,500.0,500.0,4860,,PHP,
1,Reference No,4859,AGUA KLEEN WRS,500.0,373270.0,2024-05-23,4859,AGUA KLEEN WRS,500.0,320796,418274,,2024-05-23,AGUA KLEEN WRS,Cash,Cash and cash equivalents:Cash on Hand:Cash on Hand - Main,373270,,,320796.0,,,500.0,500.0,4859,,PHP,
1,Reference No,4864,FINE COOLER,500.0,373257.0,2024-05-23,4864,FINE COOLER,500.0,320776,418279,,2024-05-23,FINE COOLER,Cash,Cash and cash equivalents:Cash on Hand:Cash on Hand - Main,373257,,,320776.0,,,500.0,500.0,4864,,PHP,
1,Reference No,4863,S.C HERNANDO WRS,500.0,373255.0,2024-05-23,4863,S.C HERNANDO WRS,500.0,320774,418278,,2024-05-23,S.C HERNANDO WRS,Cash,Cash and cash equivalents:Cash on Hand:Cash on Hand - Main,373255,,,320774.0,,,500.0,500.0,4863,,PHP,
1,Reference No,4862,JCO'S AQUA PDW,500.0,373256.0,2024-05-23,4862,JCO'S AQUA PDW,350.0,320775,418277,,2024-05-23,Jco's Aqua PDW,Cash,Cash and cash equivalents:Cash on Hand:Cash on Hand - Main,373256,,,320775.0,,,350.0,350.0,4862,,PHP,
1,Reference No,4861,MCKY WRS,500.0,373274.0,2024-05-23,4861,MCKY WRS,500.0,320800,418276,,2024-05-23,MCKY WRS,Cash,Cash and cash equivalents:Cash on Hand:Cash on Hand - Main,373274,,,320800.0,,,500.0,500.0,4861,,PHP,
1,Reference No,4870,LIVING WATER,500.0,373259.0,2024-05-23,4870,LIVING WATER,500.0,320788,418285,,2024-05-23,LIVING WATER,Cash,Cash and cash equivalents:Cash on Hand:Cash on Hand - Main,373259,,,320788.0,,,500.0,500.0,4870,,PHP,
1,Reference No,4869,OLIQUINO WRS,500.0,373260.0,2024-05-23,4869,OLIQUINO WRS,500.0,320789,418284,,2024-05-23,OLIQUINO WRS,Cash,Cash and cash equivalents:Cash on Hand:Cash on Hand - Main,373260,,,320789.0,,,500.0,500.0,4869,,PHP,
1,Reference No,4868,WATER MARKET,500.0,373258.0,2024-05-23,4868,WATER MARKET,500.0,320777,418283,,2024-05-23,WATER MARKET,Cash,Cash and cash equivalents:Cash on Hand:Cash on Hand - Main,373258,,,320777.0,,,500.0,500.0,4868,,PHP,
1,Reference No,4867,R&K WRS,500.0,373278.0,2024-05-23,4867,R&K WRS,500.0,320803,418282,,2024-05-23,R&K WRS,Cash,Cash and cash equivalents:Cash on Hand:Cash on Hand - Main,373278,,,320803.0,,,500.0,500.0,4867,,PHP,
1,Reference No,4866,LUZ WATER SUPPLY,500.0,373281.0,2024-05-23,4866,LUZ WATER SUPPLY,500.0,320806,418281,,2024-05-23,LUZ WATER SUPPLY,Cash,Cash and cash equivalents:Cash on Hand:Cash on Hand - Main,373281,,,320806.0,,,500.0,500.0,4866,,PHP,
1,Reference No,4865,EDUARDO ROLLE DEEPWELL,500.0,373273.0,2024-05-23,4865,EDUARDO ROLLE DEEPWELL,500.0,320799,418280,,2024-05-23,EDUARDO ROLLE DEEPWELL,Cash,Cash and cash equivalents:Cash on Hand:Cash on Hand - Main,373273,,,320799.0,,,500.0,500.0,4865,,PHP,
1,Reference No,4871,COOL PEAK PDW,500.0,373261.0,2024-05-23,4871,COOL PEAK PDW,350.0,320790,418286,,2024-05-23,COOL PEAK PDW,Cash,Cash and cash equivalents:Cash on Hand:Cash on Hand - Main,373261,,,320790.0,,,350.0,350.0,4871,,PHP,
1,Reference No,4880,AQUA PELS PWS,500.0,373252.0,2024-05-23,4880,AQUA PELS PWS,350.0,320771,418290,,2024-05-23,AQUA PELS PWS,Cash,Cash and cash equivalents:Cash on Hand:Cash on Hand - Main,373252,,,320771.0,,,350.0,350.0,4880,,PHP,
1,Reference No,4879,JMLL WRS,500.0,373277.0,2024-05-23,4879,JMLL WRS,350.0,320802,418289,,2024-05-23,JMLL WRS,Cash,Cash and cash equivalents:Cash on Hand:Cash on Hand - Main,373277,,,320802.0,,,350.0,350.0,4879,,PHP,
1,Reference No,4876,JMAR H2O RS,500.0,373263.0,2024-05-23,4876,JMAR H2O RS,350.0,320791,418288,,2024-05-23,JMAR H2O RS,Cash,Cash and cash equivalents:Cash on Hand:Cash on Hand - Main,373263,,,320791.0,,,350.0,350.0,4876,,PHP,
1,Reference No,4874,DEEP SEA WRS,500.0,373268.0,2024-05-23,4874,DEEP SEA WRS,350.0,320794,418287,,2024-05-23,DEEP SEA WRS,Cash,Cash and cash equivalents:Cash on Hand:Cash on Hand - Main,373268,,,320794.0,,,350.0,350.0,4874,,PHP,
1,Reference No,4952,M & G WRS,350.0,372546.0,2024-05-27,4952,M & G WRS,350.0,302485,418295,,2024-05-27,M & G WRS,Cash,Cash and cash equivalents:Cash on Hand:Cash on Hand - Main,372546,,,302485.0,,,350.0,350.0,4952,,PHP,
1,Reference No,4951,ALLEN IVERSON INDON WRS,350.0,372497.0,2024-05-27,4951,ALLEN IVERSON WRS,350.0,302476,418294,,2024-05-27,ALLEN IVERSON WRS,Cash,Cash and cash equivalents:Cash on Hand:Cash on Hand - Main,372497,,,302476.0,,,350.0,350.0,4951,,PHP,
1,Reference No,4908,P.A EXPRESS FOOD VENTURES INC,600.0,371919.0,2024-05-28,4908,P.A EXPRESS FOOD VENTURES INC,600.0,320390,418293,,2024-05-28,P.A EXPRESS FOOD VENTURES INC,Cash,Cash and cash equivalents:Cash on Hand:Cash on Hand - Main,371919,,,320390.0,,,550.0,600.0,4908,,PHP,
1,Reference No,4903,SAA HEALTH CARE,600.0,371953.0,2024-05-28,4903,SAA HEALTH CARE,600.0,318580,418292,,2024-05-28,SAA HEALTH CARE,Cash,Cash and cash equivalents:Cash on Hand:Cash on Hand - Main,371953,,,318580.0,,,600.0,600.0,4903,,PHP,
1,Reference No,4902,HANSBURY INC.,600.0,371941.0,2024-05-28,4902,HANSBURY INC.,600.0,318570,418291,,2024-05-28,HANSBURY INC.,Cash,Cash and cash equivalents:Cash on Hand:Cash on Hand - Main,371941,,,318570.0,,,600.0,600.0,4902,,PHP,
1,Reference No,4954,AQUA AFA MARINE,350.0,372493.0,2024-05-27,4954,AQUA AFA MARINE,350.0,302472,418297,,2024-05-27,AQUA AFA MARINE,Cash,Cash and cash equivalents:Cash on Hand:Cash on Hand - Main,372493,,,302472.0,,,350.0,350.0,4954,,PHP,
1,Reference No,4953,AQUA PIA,350.0,372501.0,2024-05-27,4953,AQUA-PIA,350.0,302480,418296,,2024-05-27,AQUA-PIA,Cash,Cash and cash equivalents:Cash on Hand:Cash on Hand - Main,372501,,,302480.0,,,350.0,350.0,4953,,PHP,
1,Reference No,4960,AIILECZ WRS,350.0,372513.0,2024-05-27,4960,AIILECZ WRS,350.0,318670,418302,,2024-05-27,AIILECZ WRS,Cash,Cash and cash equivalents:Cash on Hand:Cash on Hand - Main,372513,,,318670.0,,,350.0,350.0,4960,,PHP,
1,Reference No,4959,LMNM REFILLING,350.0,372537.0,2024-05-27,4959,LMNM REFILLING,350.0,318686,418301,,2024-05-27,LMNM REFILLING,Cash,Cash and cash equivalents:Cash on Hand:Cash on Hand - Main,372537,,,318686.0,,,350.0,350.0,4959,,PHP,
1,Reference No,4958,BSR PURIFIED,350.0,372551.0,2024-05-27,4958,BSR PURIFIED,350.0,318695,418300,,2024-05-27,BSR PURIFIED,Cash,Cash and cash equivalents:Cash on Hand:Cash on Hand - Main,372551,,,318695.0,,,350.0,350.0,4958,,PHP,
1,Reference No,4957,PRINCESS PURIFIED,350.0,372532.0,2024-05-27,4957,PRINCESS PURIFIED,350.0,318681,418299,,2024-05-27,PRINCESS PURIFIED,Cash,Cash and cash equivalents:Cash on Hand:Cash on Hand - Main,372532,,,318681.0,,,350.0,350.0,4957,,PHP,
1,Reference No,4956,AQUA VITA,350.0,372528.0,2024-05-27,4956,AQUA VITA,350.0,318677,418298,,2024-05-27,AQUA VITA,Cash,Cash and cash equivalents:Cash on Hand:Cash on Hand - Main,372528,,,318677.0,,,350.0,350.0,4956,,PHP,
1,Reference No,715774,AMBC'S,500.0,372302.0,2024-05-15,715774,AMBC'S,500.0,318629,418305,,2024-05-15,AMBC'S,Cash,Cash and cash equivalents:Cash on Hand:Cash on Hand - Main,372302,,,318629.0,,,500.0,500.0,715774,,PHP,
1,Reference No,715773,SHEILZ,500.0,372303.0,2024-05-15,715773,SHEILZ WATER STATION,500.0,301607,418304,,2024-05-15,SHEILZ WATER STATION,Cash,Cash and cash equivalents:Cash on Hand:Cash on Hand - Main,372303,,,301607.0,,,500.0,500.0,715773,,PHP,
1,Reference No,4961,AQUA JAS WRS,350.0,372500.0,2024-05-27,4961,AQUA JAS WRS,350.0,318662,418303,,2024-05-27,AQUA JAS WRS,Cash,Cash and cash equivalents:Cash on Hand:Cash on Hand - Main,372500,,,318662.0,,,350.0,350.0,4961,,PHP,
1,Reference No,724850,ISLA AGUA WRS,450.0,371579.0,2024-05-02,724850,ISLA AGUA WRS,450.0,317210,418308,,2024-05-02,ISLA AGUA WRS,Cash,Cash and cash equivalents:Cash In bank:CIB BDO 0776,371579,,,317210.0,,,450.0,450.0,724850,,PHP,
1,Reference No,724849,BENDITA WRS,450.0,371577.0,2024-05-02,724849,BENDITA WRS,450.0,317208,418307,,2024-05-02,BENDITA WRS,Cash,Cash and cash equivalents:Cash In bank:CIB BDO 0776,371577,,,317208.0,,,450.0,450.0,724849,,PHP,
1,Reference No,715778,OZONE PURE,500.0,372300.0,2024-05-15,715778,OZONE PURE - GITNANG BAYAN,500.0,301606,418306,,2024-05-15,OZONE PURE - GITNANG BAYAN,Cash,Cash and cash equivalents:Cash on Hand:Cash on Hand - Main,372300,,,301606.0,,,500.0,500.0,715778,,PHP,
1,Reference No,726264,RIZDY WATER WS,550.0,371722.0,2024-05-15,726264,RIZDY WATER WS,550.0,318492,418313,,2024-05-15,RIZDY WATER WS,Cash,Cash and cash equivalents:Cash on Hand:Cash on Hand - Main,371722,,,318492.0,,,500.0,550.0,726264,,PHP,
1,Reference No,726263,MHAR-THEL WATER RS,550.0,371725.0,2024-05-15,726263,MHAR-THEL WATER RS,550.0,318495,418312,,2024-05-15,MHAR-THEL WATER RS,Cash,Cash and cash equivalents:Cash on Hand:Cash on Hand - Main,371725,,,318495.0,,,500.0,550.0,726263,,PHP,
1,Reference No,726262,VOCAL WATER SUPPLY,300.0,371723.0,2024-05-15,726262,VOCAL WATER SUPPLY,300.0,318493,418311,,2024-05-15,VOCAL WATER SUPPLY,Cash,Cash and cash equivalents:Cash on Hand:Cash on Hand - Main,371723,,,318493.0,,,300.0,300.0,726262,,PHP,
1,Reference No,726260,MCHANJO CORP (SANDOVAL),2100.0,371441.0,2024-05-09,726260,MC DONALD'S SANDOVAL (893) GAC,2100.0,,418310,,2024-05-09,MC DONALD'S SANDOVAL (893) GAC,Cash,Cash and cash equivalents:Cash on Hand:Cash on Hand - Main,,,,,,,2100.0,2100.0,726260,,PHP,
1,Reference No,726269,PATRICH FOOD CENTRE,2100.0,371455.0,2024-05-21,726269,MC DONALD'S SM FAIRVIEW (151) GAC,2100.0,301195,418315,,2024-05-21,MC DONALD'S SM FAIRVIEW (151) GAC,Cash,Cash and cash equivalents:Cash on Hand:Cash on Hand - Main,371455,,,301195.0,,,2100.0,2100.0,726269,,PHP,
1,Reference No,726267,PATRICH FOOD CENTRE,2100.0,371457.0,2024-05-21,726267,MC DONALD'S WEST FAIRVIEW (387) GAC,2100.0,301197,418314,,2024-05-21,MC DONALD'S WEST FAIRVIEW (387) GAC,Cash,Cash and cash equivalents:Cash on Hand:Cash on Hand - Main,371457,,,301197.0,,,2100.0,2100.0,726267,,PHP,
1,Reference No,726270,MCMARY FOOD CENTER,2100.0,371458.0,2024-05-21,726270,MC DONALD'S STA MONICA COMMERCIAL (905) GAC,2100.0,301198,418317,,2024-05-21,MC DONALD'S STA MONICA COMMERCIAL (905) GAC,Cash,Cash and cash equivalents:Cash on Hand:Cash on Hand - Main,371458,,,301198.0,,,2100.0,2100.0,726270,,PHP,
1,Reference No,726273,PATRICH FOOD WEB CORP,2100.0,371462.0,2024-05-21,726273,MCDONALD'S GEN. LUIS NOVALICHES 956 GAC,2100.0,301201,418319,,2024-05-21,MCDONALD'S GEN. LUIS NOVALICHES 956 GAC,Cash,Cash and cash equivalents:Cash on Hand:Cash on Hand - Main,371462,,,301201.0,,,2100.0,2100.0,726273,,PHP,
1,Reference No,726271,MC SEINA RESTAURANT CORP,1200.0,371460.0,2024-05-21,726271,MCDONALD'S CAMARIN 574 GAC,1200.0,301199,418318,,2024-05-21,MCDONALD'S CAMARIN 574 GAC,Cash,Cash and cash equivalents:Cash on Hand:Cash on Hand - Main,371460,,,301199.0,,,1200.0,1200.0,726271,,PHP,
1,Reference No,726300,PURE HARVEST VEGETABLE CORPORATION,700.0,372278.0,2024-05-31,726300,PURE HARVEST MAYNILAD,700.0,301570,418323,,2024-05-31,PURE HARVEST MAYNILAD,Cash,Cash and cash equivalents:Cash on Hand:Cash on Hand - Main,372278,,,301570.0,,,700.0,700.0,726300,,PHP,
1,Reference No,726299,AQUA 2000,700.0,372270.0,2024-05-31,726299,AQUA 200 - LAGRO,700.0,301564,418322,,2024-05-31,AQUA 200 - LAGRO,Cash,Cash and cash equivalents:Cash on Hand:Cash on Hand - Main,372270,,,301564.0,,,700.0,700.0,726299,,PHP,
1,Reference No,726280,MAGNOLIA PLACE CONDOMINIUM,1400.0,373071.0,2024-05-29,726280,MAGNOLIA PLACE CONDOMINIUM CORP. WATER STATION,1400.0,302071,418321,,2024-05-29,MAGNOLIA PLACE CONDOMINIUM CORP. WATER STATION,Cash,Cash and cash equivalents:Cash on Hand:Cash on Hand - Main,373071,,,302071.0,,,1400.0,1400.0,726280,,PHP,
1,Reference No,726274,PATRICH QSK FOOD CENTRE FOOD CORP,2100.0,371461.0,2024-05-21,726274,MCDONALD'S QH SAN BARTOLOME 820 GAC,2100.0,301200,418320,,2024-05-21,MCDONALD'S QH SAN BARTOLOME 820 GAC,Cash,Cash and cash equivalents:Cash on Hand:Cash on Hand - Main,371461,,,301200.0,,,2100.0,2100.0,726274,,PHP,
1,Reference No,726641,GALLOS WRS,700.0,371477.0,2024-05-07,726641,GALLOS WRS,700.0,317104,418326,,2024-05-07,GALLOS WRS,Cash,Cash and cash equivalents:Cash on Hand:Cash on Hand - Main,371477,,,317104.0,,,500.0,700.0,726641,,PHP,
1,Reference No,726640,ALCANTARA WATER SYSTEM,2100.0,371476.0,2024-05-07,726640,ALCANTARA WATER SYSTEM,2100.0,317103,418325,,2024-05-07,ALCANTARA WATER SYSTEM,Cash,Cash and cash equivalents:Cash on Hand:Cash on Hand - Main,371476,,,317103.0,,,1500.0,2100.0,726640,,PHP,
1,Reference No,726639,ZAMZAM WRS MINERAL,700.0,371475.0,2024-05-07,726639,ZAMZAM WRS MINERAL,700.0,317102,418324,,2024-05-07,ZAMZAM WRS MINERAL,Cash,Cash and cash equivalents:Cash on Hand:Cash on Hand - Main,371475,,,317102.0,,,500.0,700.0,726639,,PHP,
1,Reference No,726645,MR. NOLI SARSONA DEEPWELL L-1 PUSO/JP,700.0,371481.0,2024-05-07,726645,MR. NOLI SARSONA DEEPWELL L-1 PUSO/JP,700.0,317108,418330,,2024-05-07,MR. NOLI SARSONA DEEPWELL L-1 PUSO/JP,Cash,Cash and cash equivalents:Cash on Hand:Cash on Hand - Main,371481,,,317108.0,,,500.0,700.0,726645,,PHP,
1,Reference No,726644,AQUAFIL,700.0,371480.0,2024-05-07,726644,AQUAFIL,700.0,317107,418329,,2024-05-07,AQUAFIL,Cash,Cash and cash equivalents:Cash on Hand:Cash on Hand - Main,371480,,,317107.0,,,500.0,700.0,726644,,PHP,
1,Reference No,726643,RGU - ODIONGAN L-3,700.0,371479.0,2024-05-07,726643,RGU - ODIONGAN L-3,700.0,317106,418328,,2024-05-07,RGU - ODIONGAN L-3,Cash,Cash and cash equivalents:Cash on Hand:Cash on Hand - Main,371479,,,317106.0,,,500.0,700.0,726643,,PHP,
1,Reference No,726642,AQUA PROGRESO PDW,700.0,371478.0,2024-05-07,726642,AQUA PROGRESO PDW,700.0,317105,418327,,2024-05-07,AQUA PROGRESO PDW,Cash,Cash and cash equivalents:Cash on Hand:Cash on Hand - Main,371478,,,317105.0,,,500.0,700.0,726642,,PHP,
1,Reference No,726650,AQUA DUBAI,4700.0,371486.0,2024-05-07,726650,AQUA DUBAI,4700.0,317114,418335,,2024-05-07,AQUA DUBAI,Cash,Cash and cash equivalents:Cash on Hand:Cash on Hand - Main,371486,,,317114.0,,,1000.0,4700.0,726650,,PHP,
1,Reference No,726649,IC WRS,4700.0,371485.0,2024-05-07,726649,IC WRS,4700.0,317113,418334,,2024-05-07,IC WRS,Cash,Cash and cash equivalents:Cash on Hand:Cash on Hand - Main,371485,,,317113.0,,,1000.0,4700.0,726649,,PHP,
1,Reference No,726648,MEGA CRISTAL,700.0,371484.0,2024-05-07,726648,MEGA CRISTAL,700.0,317112,418333,,2024-05-07,MEGA CRISTAL,Cash,Cash and cash equivalents:Cash on Hand:Cash on Hand - Main,371484,,,317112.0,,,500.0,700.0,726648,,PHP,
1,Reference No,726647,ROVIILOS HOSPITAL L-3,700.0,371483.0,2024-05-07,726647,ROVIILOS HOSPITAL L-3,700.0,317111,418332,,2024-05-07,ROVIILOS HOSPITAL L-3,Cash,Cash and cash equivalents:Cash on Hand:Cash on Hand - Main,371483,,,317111.0,,,500.0,700.0,726647,,PHP,
1,Reference No,726646,WATER GENIE - TUBURAN,700.0,371482.0,2024-05-07,726646,WATER GENIE - TUBURAN,700.0,317110,418331,,2024-05-07,WATER GENIE - TUBURAN,Cash,Cash and cash equivalents:Cash on Hand:Cash on Hand - Main,371482,,,317110.0,,,500.0,700.0,726646,,PHP,
1,Reference No,726749,ST. JOSEPH COLLEGE,5600.0,372189.0,2024-05-02,726749,ST. JOSEPH COLLEGE MANILA ABEN PRESSURE TANK,5600.0,301452,418336,,2024-05-02,ST. JOSEPH COLLEGE MANILA ABEN PRESSURE TANK,Cash,Cash and cash equivalents:Cash on Hand:Cash on Hand - Main,372189,,,301452.0,,,5600.0,5600.0,726749,,PHP,
1,Reference No,726947,HYDRO ACTIVE WRS,450.0,371580.0,2024-05-02,726947,HYDRO ACTIVE WRS,450.0,317211,418337,,2024-05-02,HYDRO ACTIVE WRS,Cash,Cash and cash equivalents:Cash In bank:CIB BDO 0776,371580,,,317211.0,,,450.0,450.0,726947,,PHP,
1,Reference No,726981,KRYSTAL PURE WATER,450.0,371545.0,2024-05-02,726981,KRYSTAL PURE WATER,450.0,317175,418342,,2024-05-02,KRYSTAL PURE WATER,Cash,Cash and cash equivalents:Cash on Hand:Cash on Hand - Main,371545,,,317175.0,,,450.0,450.0,726981,,PHP,
1,Reference No,726980,DEL CARMEN PURIFIED WRS,450.0,371544.0,2024-05-02,726980,DEL CARMEN PURIFIED WRS,450.0,317174,418341,,2024-05-02,DEL CARMEN PURIFIED WRS,Cash,Cash and cash equivalents:Cash on Hand:Cash on Hand - Main,371544,,,317174.0,,,450.0,450.0,726980,,PHP,
1,Reference No,726949,STREAM WRS,2950.0,371582.0,2024-05-02,726949,STREAM WRS,2950.0,317213,418339,,2024-05-02,STREAM WRS,Cash,Cash and cash equivalents:Cash In bank:CIB BDO 0776,371582,,,317213.0,,,1000.0,2950.0,726949,,PHP,
1,Reference No,726948,AGOS WRS SPRING,2950.0,371581.0,2024-05-02,726948,AGOS WRS SPRING,2950.0,317212,418338,,2024-05-02,AGOS WRS SPRING,Cash,Cash and cash equivalents:Cash In bank:CIB BDO 0776,371581,,,317212.0,,,1000.0,2950.0,726948,,PHP,
1,Reference No,726985,BYM'S,450.0,371549.0,2024-05-02,726985,BYM'S,450.0,317179,418346,,2024-05-02,BYM'S,Cash,Cash and cash equivalents:Cash on Hand:Cash on Hand - Main,371549,,,317179.0,,,450.0,450.0,726985,,PHP,
1,Reference No,726984,ALLEN'S WRS,450.0,371548.0,2024-05-02,726984,ALLEN'S WRS,450.0,317178,418345,,2024-05-02,ALLEN'S WRS,Cash,Cash and cash equivalents:Cash on Hand:Cash on Hand - Main,371548,,,317178.0,,,450.0,450.0,726984,,PHP,
1,Reference No,726983,AQUA PLUS WRS,450.0,371547.0,2024-05-02,726983,AQUA PLUS WRS,450.0,317177,418344,,2024-05-02,AQUA PLUS WRS,Cash,Cash and cash equivalents:Cash on Hand:Cash on Hand - Main,371547,,,317177.0,,,450.0,450.0,726983,,PHP,
1,Reference No,726982,AQUACLEAR,450.0,371546.0,2024-05-02,726982,AQUACLEAR,450.0,317176,418343,,2024-05-02,AQUACLEAR,Cash,Cash and cash equivalents:Cash on Hand:Cash on Hand - Main,371546,,,317176.0,,,450.0,450.0,726982,,PHP,
1,Reference No,726986,ISLANDCURE WRS MINERAL,450.0,371550.0,2024-05-02,726986,ISLANDCURE WRS MINERAL,450.0,317180,418347,,2024-05-02,ISLANDCURE WRS MINERAL,Cash,Cash and cash equivalents:Cash on Hand:Cash on Hand - Main,371550,,,317180.0,,,450.0,450.0,726986,,PHP,
1,Reference No,726991,WATERLOO,450.0,371555.0,2024-05-02,726991,WATERLOO,450.0,317185,418352,,2024-05-02,WATERLOO,Cash,Cash and cash equivalents:Cash on Hand:Cash on Hand - Main,371555,,,317185.0,,,450.0,450.0,726991,,PHP,
1,Reference No,726990,LIQUIFY WRS,450.0,371554.0,2024-05-02,726990,LIQUIFY WRS,450.0,317184,418351,,2024-05-02,LIQUIFY WRS,Cash,Cash and cash equivalents:Cash on Hand:Cash on Hand - Main,371554,,,317184.0,,,450.0,450.0,726990,,PHP,
1,Reference No,726989,HYDRO PURIFIED WATER REFILLING,450.0,371553.0,2024-05-02,726989,HYDRO PURIFIED WATER REFILLING,450.0,317183,418350,,2024-05-02,HYDRO PURIFIED WATER REFILLING,Cash,Cash and cash equivalents:Cash on Hand:Cash on Hand - Main,371553,,,317183.0,,,450.0,450.0,726989,,PHP,
1,Reference No,726988,G-ISLAND WATER STATION,450.0,371552.0,2024-05-02,726988,G-ISLAND WATER STATION,450.0,317182,418349,,2024-05-02,G-ISLAND WATER STATION,Cash,Cash and cash equivalents:Cash on Hand:Cash on Hand - Main,371552,,,317182.0,,,450.0,450.0,726988,,PHP,
1,Reference No,726987,KEN'S WATER STATION,450.0,371551.0,2024-05-02,726987,KEN'S WATER STATION,450.0,317181,418348,,2024-05-02,KEN'S WATER STATION,Cash,Cash and cash equivalents:Cash on Hand:Cash on Hand - Main,371551,,,317181.0,,,450.0,450.0,726987,,PHP,
1,Reference No,726995,825TH COOL WATER,450.0,371559.0,2024-05-02,726995,825TH COOL WATER,450.0,317189,418356,,2024-05-02,825TH COOL WATER,Cash,Cash and cash equivalents:Cash on Hand:Cash on Hand - Main,371559,,,317189.0,,,450.0,450.0,726995,,PHP,
1,Reference No,726994,WATER MARK WRS,450.0,371558.0,2024-05-02,726994,WATER MARK WRS,450.0,317188,418355,,2024-05-02,WATER MARK WRS,Cash,Cash and cash equivalents:Cash on Hand:Cash on Hand - Main,371558,,,317188.0,,,450.0,450.0,726994,,PHP,
1,Reference No,726993,WINTER WATER RS,450.0,371557.0,2024-05-02,726993,WINTER WATER RS,450.0,317187,418354,,2024-05-02,WINTER WATER RS,Cash,Cash and cash equivalents:Cash on Hand:Cash on Hand - Main,371557,,,317187.0,,,450.0,450.0,726993,,PHP,
1,Reference No,726992,WATER LILY WRS,450.0,371556.0,2024-05-02,726992,WATER LILY WRS,450.0,317186,418353,,2024-05-02,WATER LILY WRS,Cash,Cash and cash equivalents:Cash on Hand:Cash on Hand - Main,371556,,,317186.0,,,450.0,450.0,726992,,PHP,
1,Reference No,726996,AQUA GULF,450.0,371560.0,2024-05-02,726996,AQUA GULF,450.0,317190,418357,,2024-05-02,AQUA GULF,Cash,Cash and cash equivalents:Cash on Hand:Cash on Hand - Main,371560,,,317190.0,,,450.0,450.0,726996,,PHP,
1,Reference No,727914,RAYA BAGO TUBE ICE,600.0,372290.0,2024-05-02,727914,RAXABAGO TUBE ICE,600.0,301589,418362,,2024-05-02,RAXABAGO TUBE ICE,Cash,Cash and cash equivalents:Cash In bank:CIB BDO 0776,372290,,,301589.0,,,600.0,600.0,727914,,PHP,
1,Reference No,727000,BRONCATE WRS,450.0,371564.0,2024-05-02,727000,BRONCATE WRS,450.0,317195,418361,,2024-05-02,BRONCATE WRS,Cash,Cash and cash equivalents:Cash on Hand:Cash on Hand - Main,371564,,,317195.0,,,450.0,450.0,727000,,PHP,
1,Reference No,726999,AQUA DAVE WRS I,450.0,371563.0,2024-05-02,726999,AQUA DAVE WRS I,450.0,317194,418360,,2024-05-02,AQUA DAVE WRS I,Cash,Cash and cash equivalents:Cash on Hand:Cash on Hand - Main,371563,,,317194.0,,,450.0,450.0,726999,,PHP,
1,Reference No,726998,BLESSPRING REFILLING STATION II,450.0,371562.0,2024-05-02,726998,BLESSPRING REFILLING STATION II,450.0,317193,418359,,2024-05-02,BLESSPRING REFILLING STATION II,Cash,Cash and cash equivalents:Cash on Hand:Cash on Hand - Main,371562,,,317193.0,,,450.0,450.0,726998,,PHP,
1,Reference No,726997,AQUA MAY WRS,450.0,371561.0,2024-05-02,726997,AQUA MAY WRS,450.0,317191,418358,,2024-05-02,AQUA MAY WRS,Cash,Cash and cash equivalents:Cash on Hand:Cash on Hand - Main,371561,,,317191.0,,,450.0,450.0,726997,,PHP,
1,Reference No,727920,CRYSTAL JENN,550.0,372282.0,2024-05-02,727920,RIZAL CRSYTAL JENN,550.0,,418366,,2024-05-02,RIZAL CRSYTAL JENN,Cash,Cash and cash equivalents:Cash on Hand:Cash on Hand - Main,,,,,,,550.0,550.0,727920,,PHP,
1,Reference No,727919,AQUA NATHANIEL WATER STATION,550.0,372287.0,2024-05-02,727919,RIZAL AQUA NATHANIEL WATER STATION,550.0,,418365,,2024-05-02,RIZAL AQUA NATHANIEL WATER STATION,Cash,Cash and cash equivalents:Cash on Hand:Cash on Hand - Main,,,,,,,550.0,550.0,727919,,PHP,
1,Reference No,727916,AQUAMART WATER REFILLING STATION,500.0,372291.0,2024-05-02,727916,RIZAL AQUAMART WRS,500.0,,418364,,2024-05-02,RIZAL AQUAMART WRS,Cash,Cash and cash equivalents:Cash on Hand:Cash on Hand - Main,,,,,,,500.0,500.0,727916,,PHP,
1,Reference No,727915,BOTTOMS UP,550.0,372284.0,2024-05-02,727915,RIZAL BOTTOMS UP!,550.0,,418363,,2024-05-02,RIZAL BOTTOMS UP!,Cash,Cash and cash equivalents:Cash on Hand:Cash on Hand - Main,,,,,,,550.0,550.0,727915,,PHP,
1,Reference No,727924,ASHYLE WATER REFILLING STATION,550.0,372292.0,2024-05-02,727924,RIZAL ASHYLE WATER REFILLING STATION,550.0,,418369,,2024-05-02,RIZAL ASHYLE WATER REFILLING STATION,Cash,Cash and cash equivalents:Cash on Hand:Cash on Hand - Main,,,,,,,550.0,550.0,727924,,PHP,
1,Reference No,727922,AQUA ACE,550.0,372285.0,2024-05-02,727922,RIZAL AQUA ACE,550.0,,418368,,2024-05-02,RIZAL AQUA ACE,Cash,Cash and cash equivalents:Cash on Hand:Cash on Hand - Main,,,,,,,550.0,550.0,727922,,PHP,
1,Reference No,727921,GOLDENRICH WATER STATION,350.0,372281.0,2024-05-02,727921,RIZAL GOLDRICH WATER STATION,350.0,,418367,,2024-05-02,RIZAL GOLDRICH WATER STATION,Cash,Cash and cash equivalents:Cash on Hand:Cash on Hand - Main,,,,,,,350.0,350.0,727921,,PHP,
1,Reference No,727938,TIM HO WAN-GATEWAY,1400.0,373088.0,2024-05-15,727938,TIM HOWAN GATEWAY MANILA,1400.0,302078,418372,,2024-05-15,TIM HOWAN GATEWAY MANILA,Cash,Cash and cash equivalents:Cash on Hand:Cash on Hand - Main,373088,,,302078.0,,,1400.0,1400.0,727938,,PHP,
1,Reference No,727926,NATHAN'S WATER REFILLING STATION,500.0,372294.0,2024-05-02,727926,NATHAN'S WATER REFILLING STATION,500.0,317825,418371,,2024-05-02,NATHAN'S WATER REFILLING STATION,Cash,Cash and cash equivalents:Cash In bank:CIB BDO 0776,372294,,,317825.0,,,500.0,500.0,727926,,PHP,
1,Reference No,727925,AQUAPOINTS WATER REFILLING STATION,500.0,372296.0,2024-05-02,727925,RIZAL AQUAPOINT WATER REFILLING STATION,500.0,,418370,,2024-05-02,RIZAL AQUAPOINT WATER REFILLING STATION,Cash,Cash and cash equivalents:Cash on Hand:Cash on Hand - Main,,,,,,,500.0,500.0,727925,,PHP,
1,Reference No,727942,WING ZONE ARANETA COLISEUM,700.0,373085.0,2024-05-15,727942,WING ZONE MANILA,700.0,302076,418376,,2024-05-15,WING ZONE MANILA,Cash,Cash and cash equivalents:Cash on Hand:Cash on Hand - Main,373085,,,302076.0,,,700.0,700.0,727942,,PHP,
1,Reference No,727941,GENKI SUSHI,550.0,371138.0,2024-05-15,727941,GENKI SUSHI.,550.0,318407,418375,,2024-05-15,GENKI SUSHI.,Cash,Cash and cash equivalents:Cash on Hand:Cash on Hand - Main,371138,,,318407.0,,,500.0,550.0,727941,,PHP,
1,Reference No,727940,GLOBAL ROAST FOOD CORPORATION,1400.0,373087.0,2024-05-15,727940,HAWKER CHAN GATEWAY MANILA,1400.0,302077,418374,,2024-05-15,HAWKER CHAN GATEWAY MANILA,Cash,Cash and cash equivalents:Cash on Hand:Cash on Hand - Main,373087,,,302077.0,,,1400.0,1400.0,727940,,PHP,
1,Reference No,727939,CONCETI GLOBAL INC.,700.0,372972.0,2024-05-15,727939,POUND MANILA,700.0,302050,418373,,2024-05-15,POUND MANILA,Cash,Cash and cash equivalents:Cash on Hand:Cash on Hand - Main,372972,,,302050.0,,,700.0,700.0,727939,,PHP,
1,Reference No,727943,BABY SPICE FOOD CORPORATION,550.0,373084.0,2024-05-15,727943,KUREJI ALIMALL MANILA,550.0,302075,418377,,2024-05-15,KUREJI ALIMALL MANILA,Cash,Cash and cash equivalents:Cash on Hand:Cash on Hand - Main,373084,,,302075.0,,,550.0,550.0,727943,,PHP,
1,Reference No,728178,JUAN LUNA MEMORIAL ELEMENTARY SCHOOL DEEPWELL,600.0,371881.0,2024-05-02,728178,JUAN LUNA MEMORIAL ELEMENTARY SCHOOL DEEPWELL,800.0,,418379,,2024-05-02,JUAN LUNA MEMORIAL ELEMENTARY SCHOOL DEEPWELL,Cash,Cash and cash equivalents:Cash on Hand:Cash on Hand - Main,,,,,,,800.0,800.0,728178,,PHP,
1,Reference No,728177,PORFIRIO G. COMIA MEMORIAL NATIONAL HIGHSCHOOL DEEPWELL,1800.0,371880.0,2024-05-02,728177,PORFIRIO G COMIA MEMORIAL NATIONAL HIGHSCHOOL DEEPWELL,2400.0,,418378,,2024-05-02,PORFIRIO G COMIA MEMORIAL NATIONAL HIGHSCHOOL DEEPWELL,Cash,Cash and cash equivalents:Cash on Hand:Cash on Hand - Main,,,,,,,2400.0,2400.0,728177,,PHP,
1,Reference No,728183,MALINAO ELEMENTARY SCHOOL DEEPWELL,600.0,371886.0,2024-05-02,728183,MALINAO ELEMENTARY SCHOOL DEEPWELL,800.0,,418384,,2024-05-02,MALINAO ELEMENTARY SCHOOL DEEPWELL,Cash,Cash and cash equivalents:Cash on Hand:Cash on Hand - Main,,,,,,,800.0,800.0,728183,,PHP,
1,Reference No,728182,DON VICENTE DELGADO MEMORIAL ELEMENTARY SCHOOL DEEPWELL,600.0,371885.0,2024-05-02,728182,DON VICENTE DELGADO MEMORIAL ELEMENTARY SCHOOL DEEPWELL,800.0,,418383,,2024-05-02,DON VICENTE DELGADO MEMORIAL ELEMENTARY SCHOOL DEEPWELL,Cash,Cash and cash equivalents:Cash on Hand:Cash on Hand - Main,,,,,,,800.0,800.0,728182,,PHP,
1,Reference No,728181,BAGONG BUHAY ELEMENTARY SCHOOL DEEPWELL,1200.0,371884.0,2024-05-02,728181,BAGONG BUHAY ELEMENTARY SCHOOL DEEPWELL,1600.0,,418382,,2024-05-02,BAGONG BUHAY ELEMENTARY SCHOOL DEEPWELL,Cash,Cash and cash equivalents:Cash on Hand:Cash on Hand - Main,,,,,,,1600.0,1600.0,728181,,PHP,
1,Reference No,728180,SAN CARLOS ELEMENTARY SCHOOL DEEPWELL,600.0,371883.0,2024-05-02,728180,SAN CARLOS ELEMENTARY SCHOOL DEEPWELL,800.0,,418381,,2024-05-02,SAN CARLOS ELEMENTARY SCHOOL DEEPWELL,Cash,Cash and cash equivalents:Cash on Hand:Cash on Hand - Main,,,,,,,800.0,800.0,728180,,PHP,
1,Reference No,728179,PINAGSABANGAN 1 ELEMENTARY SCHOOL DEEPWELL,600.0,371882.0,2024-05-02,728179,PINAGSABANGAN 1 ELEMENTARY SCHOOL DEEPWELL,800.0,,418380,,2024-05-02,PINAGSABANGAN 1 ELEMENTARY SCHOOL DEEPWELL,Cash,Cash and cash equivalents:Cash on Hand:Cash on Hand - Main,,,,,,,800.0,800.0,728179,,PHP,
1,Reference No,728185,ADRIALUNA ELEMENTARY SCHOOL DEEPWELL,600.0,371888.0,2024-05-02,728185,ADRIALUNA ELEMENTARY SCHOOL DEEPWELL,800.0,,418386,,2024-05-02,ADRIALUNA ELEMENTARY SCHOOL DEEPWELL,Cash,Cash and cash equivalents:Cash on Hand:Cash on Hand - Main,,,,,,,800.0,800.0,728185,,PHP,
1,Reference No,728184,DOROTEO S. MENDOZA SR. MEMORIAL NAT'L HIGH SCHOOL,2400.0,371887.0,2024-05-02,728184,DOROTEO S MENDOZA SR MEMORIAL NATL HIGH SCHOOL,3200.0,,418385,,2024-05-02,DOROTEO S MENDOZA SR MEMORIAL NATL HIGH SCHOOL,Cash,Cash and cash equivalents:Cash on Hand:Cash on Hand - Main,,,,,,,3200.0,3200.0,728184,,PHP,
1,Reference No,728189,MANUEL MARCOS SR. ELEMENTARY SCHOOL,600.0,371892.0,2024-05-02,728189,MANUEL MARCOS SR ELEMENTARY SCHOOL,800.0,,418390,,2024-05-02,MANUEL MARCOS SR ELEMENTARY SCHOOL,Cash,Cash and cash equivalents:Cash on Hand:Cash on Hand - Main,,,,,,,800.0,800.0,728189,,PHP,
1,Reference No,728188,JOAQUIN HERNANDEZ ELEMENTARY SCHOOL DEEPWELL,600.0,371891.0,2024-05-02,728188,JOAQUIN HERNANDEZ ELEMENTARY SCHOOL DEEPWELL,800.0,,418389,,2024-05-02,JOAQUIN HERNANDEZ ELEMENTARY SCHOOL DEEPWELL,Cash,Cash and cash equivalents:Cash on Hand:Cash on Hand - Main,,,,,,,800.0,800.0,728188,,PHP,
1,Reference No,728187,SAN PEDRO ELEMENTARY SCHOOL DEEPWELL,600.0,371890.0,2024-05-02,728187,SAN PEDRO ELEMENTARY SCHOOL DEEPWELL,800.0,,418388,,2024-05-02,SAN PEDRO ELEMENTARY SCHOOL DEEPWELL,Cash,Cash and cash equivalents:Cash on Hand:Cash on Hand - Main,,,,,,,800.0,800.0,728187,,PHP,
1,Reference No,728186,EUFRACIO CARMONA ELEMENTARY SCHOOL DEEPWELL,600.0,371889.0,2024-05-02,728186,EUFRACIO CARMONA ELEMENTARY SCHOOL DEEPWELL,800.0,,418387,,2024-05-02,EUFRACIO CARMONA ELEMENTARY SCHOOL DEEPWELL,Cash,Cash and cash equivalents:Cash on Hand:Cash on Hand - Main,,,,,,,800.0,800.0,728186,,PHP,
1,Reference No,728194,BASILIO AGUILON ELEMENTARY SCHOOL DEEPWELL,600.0,371897.0,2024-05-02,728194,BASILIO AGUILON ELEMENTARY SCHOOL DEEPWELL,800.0,,418395,,2024-05-02,BASILIO AGUILON ELEMENTARY SCHOOL DEEPWELL,Cash,Cash and cash equivalents:Cash on Hand:Cash on Hand - Main,,,,,,,800.0,800.0,728194,,PHP,
1,Reference No,728193,SANTIAGO GARONG MEMORIAL SCHOOL DEEPWELL,600.0,371896.0,2024-05-02,728193,SANTIAGO GARONG MEMORIAL SCHOOL DEEPWELL,800.0,,418394,,2024-05-02,SANTIAGO GARONG MEMORIAL SCHOOL DEEPWELL,Cash,Cash and cash equivalents:Cash on Hand:Cash on Hand - Main,,,,,,,800.0,800.0,728193,,PHP,
1,Reference No,728192,SAN ISIDRO ELEMENTARY DEEPWELL,600.0,371895.0,2024-05-02,728192,SAN ISIDRO ELEMENTARY DEEPWELL,800.0,,418393,,2024-05-02,SAN ISIDRO ELEMENTARY DEEPWELL,Cash,Cash and cash equivalents:Cash on Hand:Cash on Hand - Main,,,,,,,800.0,800.0,728192,,PHP,
1,Reference No,728191,DAO ELEMENTARY SCHOOL DEEPWELL,600.0,371894.0,2024-05-02,728191,DAO ELEMENTARY SCHOOL DEEPWELL,800.0,,418392,,2024-05-02,DAO ELEMENTARY SCHOOL DEEPWELL,Cash,Cash and cash equivalents:Cash on Hand:Cash on Hand - Main,,,,,,,800.0,800.0,728191,,PHP,
1,Reference No,728190,LAGUNA ELEMENTARY SCHOOL DEEPWELL,600.0,371893.0,2024-05-02,728190,LAGUNA ELEMENTARY SCHOOL DEEPWELL,800.0,,418391,,2024-05-02,LAGUNA ELEMENTARY SCHOOL DEEPWELL,Cash,Cash and cash equivalents:Cash on Hand:Cash on Hand - Main,,,,,,,800.0,800.0,728190,,PHP,
1,Reference No,728400,FEU DR. NICANOR ROXAS MEDICAL FOUNDATION MEDICAL CENTER,2400.0,372198.0,2024-05-10,728400,FEU DR. NICANOR REYES MEDICAL FOUNDATION RAW,2400.0,301464,418396,,2024-05-10,FEU DR. NICANOR REYES MEDICAL FOUNDATION RAW,Cash,Cash and cash equivalents:Cash on Hand:Cash on Hand - Main,372198,,,301464.0,,,2400.0,2400.0,728400,,PHP,
1,Reference No,729229,AQUAZEN,350.0,372999.0,2024-05-09,729229,AQUAZEN,350.0,318807,418399,,2024-05-09,AQUAZEN,Cash,Cash and cash equivalents:Cash on Hand:Cash on Hand - Main,372999,,,318807.0,,,350.0,350.0,729229,,PHP,
1,Reference No,729228,AQUA BEST,350.0,373000.0,2024-05-09,729228,AQUABEST (RON MER),350.0,302631,418398,,2024-05-09,AQUABEST (RON MER),Cash,Cash and cash equivalents:Cash on Hand:Cash on Hand - Main,373000,,,302631.0,,,350.0,350.0,729228,,PHP,
1,Reference No,729227,AQUA MORE,350.0,373001.0,2024-05-09,729227,AQUA MORE,350.0,318808,418397,,2024-05-09,AQUA MORE,Cash,Cash and cash equivalents:Cash on Hand:Cash on Hand - Main,373001,,,318808.0,,,350.0,350.0,729227,,PHP,
1,Reference No,729235,AQUA INFINITY,350.0,373010.0,2024-05-09,729235,AQUA INFINITY,350.0,318815,418404,,2024-05-09,AQUA INFINITY,Cash,Cash and cash equivalents:Cash on Hand:Cash on Hand - Main,373010,,,318815.0,,,350.0,350.0,729235,,PHP,
1,Reference No,729233,EMPATHY,350.0,373011.0,2024-05-09,729233,EMPATHY,350.0,318816,418403,,2024-05-09,EMPATHY,Cash,Cash and cash equivalents:Cash on Hand:Cash on Hand - Main,373011,,,318816.0,,,350.0,350.0,729233,,PHP,
1,Reference No,729232,SAN DIEGO,350.0,373023.0,2024-05-09,729232,SAN DIEGO,350.0,318824,418402,,2024-05-09,SAN DIEGO,Cash,Cash and cash equivalents:Cash on Hand:Cash on Hand - Main,373023,,,318824.0,,,350.0,350.0,729232,,PHP,
1,Reference No,729231,ANCHOR - MAN KLEEN,350.0,373020.0,2024-05-09,729231,ANCHOR MAN KLEEN,350.0,302636,418401,,2024-05-09,ANCHOR MAN KLEEN,Cash,Cash and cash equivalents:Cash on Hand:Cash on Hand - Main,373020,,,302636.0,,,350.0,350.0,729231,,PHP,
1,Reference No,729230,AQUA MAE,350.0,373008.0,2024-05-09,729230,AQUA MAE,350.0,302633,418400,,2024-05-09,AQUA MAE,Cash,Cash and cash equivalents:Cash on Hand:Cash on Hand - Main,373008,,,302633.0,,,350.0,350.0,729230,,PHP,
1,Reference No,729238,SUNTORY SPRING,350.0,372987.0,2024-05-09,729238,SUNTORY SPRING,350.0,318797,418406,,2024-05-09,SUNTORY SPRING,Cash,Cash and cash equivalents:Cash on Hand:Cash on Hand - Main,372987,,,318797.0,,,350.0,350.0,729238,,PHP,
1,Reference No,729236,BLUE AQUA,350.0,373003.0,2024-05-09,729236,BLUE AQUA,350.0,318810,418405,,2024-05-09,BLUE AQUA,Cash,Cash and cash equivalents:Cash on Hand:Cash on Hand - Main,373003,,,318810.0,,,350.0,350.0,729236,,PHP,
1,Reference No,729239,AQUA LOTUS,350.0,372994.0,2024-05-09,729239,AQUA LOTUS,350.0,318803,418407,,2024-05-09,AQUA LOTUS,Cash,Cash and cash equivalents:Cash on Hand:Cash on Hand - Main,372994,,,318803.0,,,350.0,350.0,729239,,PHP,
1,Reference No,729246,JENTEC STORAGE,750.0,372998.0,2024-05-09,729246,JENTEC STORAGE,750.0,318806,418412,,2024-05-09,JENTEC STORAGE,Cash,Cash and cash equivalents:Cash on Hand:Cash on Hand - Main,372998,,,318806.0,,,750.0,750.0,729246,,PHP,
1,Reference No,729245,PUREDROPS,350.0,373006.0,2024-05-09,729245,PUREDROPS,350.0,302632,418411,,2024-05-09,PUREDROPS,Cash,Cash and cash equivalents:Cash on Hand:Cash on Hand - Main,373006,,,302632.0,,,350.0,350.0,729245,,PHP,
1,Reference No,729243,RAC,350.0,372992.0,2024-05-09,729243,RAC,350.0,318802,418410,,2024-05-09,RAC,Cash,Cash and cash equivalents:Cash on Hand:Cash on Hand - Main,372992,,,318802.0,,,350.0,350.0,729243,,PHP,
1,Reference No,729241,BY AND SELLE,350.0,373015.0,2024-05-09,729241,BY AND SELLE,350.0,318820,418409,,2024-05-09,BY AND SELLE,Cash,Cash and cash equivalents:Cash on Hand:Cash on Hand - Main,373015,,,318820.0,,,350.0,350.0,729241,,PHP,
1,Reference No,729240,LA'S,350.0,373004.0,2024-05-09,729240,LA'S,350.0,318811,418408,,2024-05-09,LA'S,Cash,Cash and cash equivalents:Cash on Hand:Cash on Hand - Main,373004,,,318811.0,,,350.0,350.0,729240,,PHP,
1,Reference No,729350,MR. UBE RICE & NOODLE HOUSE,400.0,371584.0,2024-05-14,729350,MR. UBE RICE & NOODLE HOUSE,400.0,317215,418416,,2024-05-14,MR. UBE RICE & NOODLE HOUSE,Cash,Cash and cash equivalents:Cash on Hand:Cash on Hand - Main,371584,,,317215.0,,,400.0,400.0,729350,,PHP,
1,Reference No,729250,GRIF,350.0,372996.0,2024-05-09,729250,GRIF,350.0,318805,418415,,2024-05-09,GRIF,Cash,Cash and cash equivalents:Cash on Hand:Cash on Hand - Main,372996,,,318805.0,,,350.0,350.0,729250,,PHP,
1,Reference No,729248,BLUE BUB,350.0,373012.0,2024-05-09,729248,BLUE BUB,350.0,318817,418414,,2024-05-09,BLUE BUB,Cash,Cash and cash equivalents:Cash on Hand:Cash on Hand - Main,373012,,,318817.0,,,350.0,350.0,729248,,PHP,
1,Reference No,729247,EMIL,350.0,372995.0,2024-05-09,729247,EMIL,350.0,318804,418413,,2024-05-09,EMIL,Cash,Cash and cash equivalents:Cash on Hand:Cash on Hand - Main,372995,,,318804.0,,,350.0,350.0,729247,,PHP,
1,Reference No,729734,FINI PROJECT INC,550.0,372391.0,2024-05-14,729734,MO COOKIES,550.0,301753,418420,,2024-05-14,MO COOKIES,Cash,Cash and cash equivalents:Cash on Hand:Cash on Hand - Main,372391,,,301753.0,,,550.0,550.0,729734,,PHP,
1,Reference No,729733,COCO ICHIBANYA - ROCKWELL,550.0,372399.0,2024-05-14,729733,COCO ICHIBANYA ROCKWELL MANILA,550.0,301758,418419,,2024-05-14,COCO ICHIBANYA ROCKWELL MANILA,Cash,Cash and cash equivalents:Cash on Hand:Cash on Hand - Main,372399,,,301758.0,,,550.0,550.0,729733,,PHP,
1,Reference No,729732,CENTRAL KITCHEN GROCER INC,1100.0,372388.0,2024-05-14,729732,CENTRAL KITCHEN/MOMENT THE GROCER INC MANILA F/KITCHEN AREA,1100.0,301742,418418,,2024-05-14,CENTRAL KITCHEN/MOMENT THE GROCER INC MANILA F/KITCHEN AREA,Cash,Cash and cash equivalents:Cash on Hand:Cash on Hand - Main,372388,,,301742.0,,,1100.0,1100.0,729732,,PHP,
1,Reference No,729729,TMG EXPRESS INC,1100.0,372389.0,2024-05-14,729729,TMG EXPRESS INC,1100.0,317843,418417,,2024-05-14,TMG EXPRESS INC,Cash,Cash and cash equivalents:Cash on Hand:Cash on Hand - Main,372389,,,317843.0,,,1100.0,1100.0,729729,,PHP,
1,Reference No,729742,EST NAMNAM INC,1100.0,372397.0,2024-05-14,729742,EST NAMNAM INC,1100.0,317845,418425,,2024-05-14,EST NAMNAM INC,Cash,Cash and cash equivalents:Cash on Hand:Cash on Hand - Main,372397,,,317845.0,,,1100.0,1100.0,729742,,PHP,
1,Reference No,729741,EST. NAMNAM INC,550.0,372395.0,2024-05-14,729741,EST NAMNAM INC GLORIETTA 4 MANILA,550.0,301756,418424,,2024-05-14,EST NAMNAM INC GLORIETTA 4 MANILA,Cash,Cash and cash equivalents:Cash on Hand:Cash on Hand - Main,372395,,,301756.0,,,550.0,550.0,729741,,PHP,
1,Reference No,729738,18 FOLDS PH CORP.,1100.0,372392.0,2024-05-14,729738,DIN TAI FUNG,1100.0,301754,418423,,2024-05-14,DIN TAI FUNG,Cash,Cash and cash equivalents:Cash on Hand:Cash on Hand - Main,372392,,,301754.0,,,1100.0,1100.0,729738,,PHP,
1,Reference No,729736,HOW DO YOU ROLL INC,550.0,372394.0,2024-05-14,729736,HOW DO YOU ROLL INC MANILA,550.0,301755,418422,,2024-05-14,HOW DO YOU ROLL INC MANILA,Cash,Cash and cash equivalents:Cash on Hand:Cash on Hand - Main,372394,,,301755.0,,,550.0,550.0,729736,,PHP,
1,Reference No,729735,EST. BURGER BAR INC,1100.0,372393.0,2024-05-14,729735,EST. BURGER BAR INC,1100.0,317844,418421,,2024-05-14,EST. BURGER BAR INC,Cash,Cash and cash equivalents:Cash on Hand:Cash on Hand - Main,372393,,,317844.0,,,1100.0,1100.0,729735,,PHP,
1,Reference No,729743,PERF RESTAURANT INC,1650.0,372398.0,2024-05-14,729743,BURGER KING ROBINSON PLACE ERMITA ICE ICE MACHINE,1650.0,301757,418426,,2024-05-14,BURGER KING ROBINSON PLACE ERMITA ICE ICE MACHINE,Cash,Cash and cash equivalents:Cash on Hand:Cash on Hand - Main,372398,,,301757.0,,,1650.0,1650.0,729743,,PHP,
1,Reference No,730191,KIRKINS BESTAQUA WRS,450.0,371567.0,2024-05-02,730191,KIRKINS BESTAQUA WRS,450.0,317198,418429,,2024-05-02,KIRKINS BESTAQUA WRS,Cash,Cash and cash equivalents:Cash In bank:CIB BDO 0776,371567,,,317198.0,,,450.0,450.0,730191,,PHP,
1,Reference No,730190,JB & JK WRS,450.0,371566.0,2024-05-02,730190,JB & JK WRS,450.0,317197,418428,,2024-05-02,JB & JK WRS,Cash,Cash and cash equivalents:Cash In bank:CIB BDO 0776,371566,,,317197.0,,,450.0,450.0,730190,,PHP,
1,Reference No,730189,GAB-BRIELLA'S WRS,450.0,371565.0,2024-05-02,730189,GAB-BRIELLA'S WRS,450.0,317196,418427,,2024-05-02,GAB-BRIELLA'S WRS,Cash,Cash and cash equivalents:Cash In bank:CIB BDO 0776,371565,,,317196.0,,,450.0,450.0,730189,,PHP,
1,Reference No,730196,AKWA VEEDA WRS,450.0,371572.0,2024-05-02,730196,AKWA VEEDA WRS,450.0,317203,418434,,2024-05-02,AKWA VEEDA WRS,Cash,Cash and cash equivalents:Cash In bank:CIB BDO 0776,371572,,,317203.0,,,450.0,450.0,730196,,PHP,
1,Reference No,730195,SURE PURE WRS,450.0,371571.0,2024-05-02,730195,SURE PURE WRS,450.0,317202,418433,,2024-05-02,SURE PURE WRS,Cash,Cash and cash equivalents:Cash In bank:CIB BDO 0776,371571,,,317202.0,,,450.0,450.0,730195,,PHP,
1,Reference No,730194,PURRE WRS,450.0,371570.0,2024-05-02,730194,PURRE WRS,450.0,317201,418432,,2024-05-02,PURRE WRS,Cash,Cash and cash equivalents:Cash In bank:CIB BDO 0776,371570,,,317201.0,,,450.0,450.0,730194,,PHP,
1,Reference No,730193,PEEK WRS,450.0,371569.0,2024-05-02,730193,PEEK WRS,450.0,317200,418431,,2024-05-02,PEEK WRS,Cash,Cash and cash equivalents:Cash In bank:CIB BDO 0776,371569,,,317200.0,,,450.0,450.0,730193,,PHP,
1,Reference No,730192,MALIWAY WRS,450.0,371568.0,2024-05-02,730192,MALIWAY WRS,450.0,317199,418430,,2024-05-02,MALIWAY WRS,Cash,Cash and cash equivalents:Cash In bank:CIB BDO 0776,371568,,,317199.0,,,450.0,450.0,730192,,PHP,
1,Reference No,730197,BLUE SPRING WRS,450.0,371573.0,2024-05-02,730197,BLUE SPRING WRS,450.0,317204,418435,,2024-05-02,BLUE SPRING WRS,Cash,Cash and cash equivalents:Cash In bank:CIB BDO 0776,371573,,,317204.0,,,450.0,450.0,730197,,PHP,
1,Reference No,730200,WATERLILAY,450.0,371576.0,2024-05-02,730200,WATERLILAY,450.0,317207,418438,,2024-05-02,WATERLILAY,Cash,Cash and cash equivalents:Cash In bank:CIB BDO 0776,371576,,,317207.0,,,450.0,450.0,730200,,PHP,
1,Reference No,730199,BEEROCK 3 IN 1 WRS,450.0,371575.0,2024-05-02,730199,BEEROCK 3 IN 1 WRS,450.0,317206,418437,,2024-05-02,BEEROCK 3 IN 1 WRS,Cash,Cash and cash equivalents:Cash In bank:CIB BDO 0776,371575,,,317206.0,,,450.0,450.0,730199,,PHP,
1,Reference No,730198,FONTANNE CLAIRE ATM FAUCET FINISHED PRODUCT,2700.0,371574.0,2024-05-02,730198,FONTANNE CLAIRE ATM FAUCET FINISHED PRODUCT,2700.0,317205,418436,,2024-05-02,FONTANNE CLAIRE ATM FAUCET FINISHED PRODUCT,Cash,Cash and cash equivalents:Cash In bank:CIB BDO 0776,371574,,,317205.0,,,2700.0,2700.0,730198,,PHP,
1,Reference No,730296,AQUA VIDA WRS,450.0,371539.0,2024-05-02,730296,AQUA VIDA WRS,450.0,317169,418443,,2024-05-02,AQUA VIDA WRS,Cash,Cash and cash equivalents:Cash on Hand:Cash on Hand - Main,371539,,,317169.0,,,450.0,450.0,730296,,PHP,
1,Reference No,730295,AQUASAFE WATER STATION,450.0,371538.0,2024-05-02,730295,AQUASAFE WATER STATION,450.0,317168,418442,,2024-05-02,AQUASAFE WATER STATION,Cash,Cash and cash equivalents:Cash on Hand:Cash on Hand - Main,371538,,,317168.0,,,450.0,450.0,730295,,PHP,
1,Reference No,730294,ALKA DROPS WRS,450.0,371537.0,2024-05-02,730294,ALKA DROPS WRS,450.0,317167,418441,,2024-05-02,ALKA DROPS WRS,Cash,Cash and cash equivalents:Cash on Hand:Cash on Hand - Main,371537,,,317167.0,,,450.0,450.0,730294,,PHP,
1,Reference No,730293,AQUA PURE WRS,450.0,371536.0,2024-05-02,730293,AQUA PURE WRS,450.0,317166,418440,,2024-05-02,AQUA PURE WRS,Cash,Cash and cash equivalents:Cash on Hand:Cash on Hand - Main,371536,,,317166.0,,,450.0,450.0,730293,,PHP,
1,Reference No,730292,AQUALITE PDW,450.0,371535.0,2024-05-02,730292,AQUALITE PDW,450.0,317165,418439,,2024-05-02,AQUALITE PDW,Cash,Cash and cash equivalents:Cash on Hand:Cash on Hand - Main,371535,,,317165.0,,,450.0,450.0,730292,,PHP,
1,Reference No,730298,BENITEZ WRS,450.0,371541.0,2024-05-02,730298,BENITEZ WRS,450.0,317171,418445,,2024-05-02,BENITEZ WRS,Cash,Cash and cash equivalents:Cash on Hand:Cash on Hand - Main,371541,,,317171.0,,,450.0,450.0,730298,,PHP,
1,Reference No,730297,AQUA DROPS WRS,450.0,371540.0,2024-05-02,730297,AQUA DROPS WRS,450.0,317170,418444,,2024-05-02,AQUA DROPS WRS,Cash,Cash and cash equivalents:Cash on Hand:Cash on Hand - Main,371540,,,317170.0,,,450.0,450.0,730297,,PHP,
1,Reference No,730299,COOL WATERS REFILLING STATION,450.0,371542.0,2024-05-02,730299,COOL WATERS REFILLING STATION,450.0,317172,418446,,2024-05-02,COOL WATERS REFILLING STATION,Cash,Cash and cash equivalents:Cash on Hand:Cash on Hand - Main,371542,,,317172.0,,,450.0,450.0,730299,,PHP,
1,Reference No,730480,VILLAGES WATER SUPPLY SYSTEM INC,600.0,371163.0,2024-05-02,730480,VILLAGES WATER SUPPLY SYSTEM INC-PAMATAWAN WELL#3 DEEPWELL,600.0,301110,418451,,2024-05-02,VILLAGES WATER SUPPLY SYSTEM INC-PAMATAWAN WELL#3 DEEPWELL,Cash,Cash and cash equivalents:Cash on Hand:Cash on Hand - Main,371163,,,301110.0,,,600.0,600.0,730480,,PHP,
1,Reference No,730479,VILLAGES WATER SUPPLY SYSTEM INC,600.0,371162.0,2024-05-02,730479,VILLAGES WATER SUPPLY SYSTEM INC-PAMATAWAN WELL#1 DEEPWELL,600.0,301109,418450,,2024-05-02,VILLAGES WATER SUPPLY SYSTEM INC-PAMATAWAN WELL#1 DEEPWELL,Cash,Cash and cash equivalents:Cash on Hand:Cash on Hand - Main,371162,,,301109.0,,,600.0,600.0,730479,,PHP,
1,Reference No,730478,VILLAGES WATER SUPPLY SYSTEM INC,600.0,371161.0,2024-05-02,730478,VILLAGES WATER SUPPLY SYSTEM INC-MANGGAVACA PUMP#2,600.0,301108,418449,,2024-05-02,VILLAGES WATER SUPPLY SYSTEM INC-MANGGAVACA PUMP#2,Cash,Cash and cash equivalents:Cash on Hand:Cash on Hand - Main,371161,,,301108.0,,,600.0,600.0,730478,,PHP,
1,Reference No,730477,VILLAGES WATER SUPPLY SYSTEM INC,600.0,371160.0,2024-05-02,730477,VILLAGES WATER SUPPLY SYSTEM INC-MANGGAVACA PUMP#1,600.0,301107,418448,,2024-05-02,VILLAGES WATER SUPPLY SYSTEM INC-MANGGAVACA PUMP#1,Cash,Cash and cash equivalents:Cash on Hand:Cash on Hand - Main,371160,,,301107.0,,,600.0,600.0,730477,,PHP,
1,Reference No,730300,DRINK MATE WRS,450.0,371543.0,2024-05-02,730300,DRINK MATE WRS,450.0,317173,418447,,2024-05-02,DRINK MATE WRS,Cash,Cash and cash equivalents:Cash on Hand:Cash on Hand - Main,371543,,,317173.0,,,450.0,450.0,730300,,PHP,
1,Reference No,730486,VILLAGES WATER SUPPLY SYSTEM INC,600.0,371194.0,2024-05-02,730486,VILLAGES WATER SUPPLY SYSTEM INC-WELL#2 DEEPWELL,600.0,301130,418455,,2024-05-02,VILLAGES WATER SUPPLY SYSTEM INC-WELL#2 DEEPWELL,Cash,Cash and cash equivalents:Cash on Hand:Cash on Hand - Main,371194,,,301130.0,,,600.0,600.0,730486,,PHP,
1,Reference No,730485,VILLAGES WATER SUPPLY SYSTEM INC,600.0,371193.0,2024-05-02,730485,VILLAGES WATER SUPPLY SYSTEM INC-HANJIN VILL. DEEPWELL,600.0,301129,418454,,2024-05-02,VILLAGES WATER SUPPLY SYSTEM INC-HANJIN VILL. DEEPWELL,Cash,Cash and cash equivalents:Cash on Hand:Cash on Hand - Main,371193,,,301129.0,,,600.0,600.0,730485,,PHP,
1,Reference No,730483,VILLAGES WATER SUPPLY SYSTEM INC,600.0,371192.0,2024-05-02,730483,VILLAGES WATER SUPPLY SYSTEM INC-CASTILLEJOS DEEPWELL,600.0,301128,418453,,2024-05-02,VILLAGES WATER SUPPLY SYSTEM INC-CASTILLEJOS DEEPWELL,Cash,Cash and cash equivalents:Cash on Hand:Cash on Hand - Main,371192,,,301128.0,,,600.0,600.0,730483,,PHP,
1,Reference No,730482,BGS ICE PLANT,600.0,371158.0,2024-05-02,730482,BGS ICE PLANT TUBE ICE,600.0,301105,418452,,2024-05-02,BGS ICE PLANT TUBE ICE,Cash,Cash and cash equivalents:Cash on Hand:Cash on Hand - Main,371158,,,301105.0,,,600.0,600.0,730482,,PHP,
1,Reference No,730493,ZAMBALES DIALYSIS,1500.0,371410.0,2024-05-03,730493,ZAMBALES DIALYSIS RAW,1500.0,301190,418460,,2024-05-03,ZAMBALES DIALYSIS RAW,Cash,Cash and cash equivalents:Cash on Hand:Cash on Hand - Main,371410,,,301190.0,,,1500.0,1500.0,730493,,PHP,
1,Reference No,730492,STA CECILIA MEDICAL CENTER DIALYSIS,1500.0,371409.0,2024-05-03,730492,STA CECILIA MEDICAL CENTER DIALYSIS RAW,1500.0,301189,418459,,2024-05-03,STA CECILIA MEDICAL CENTER DIALYSIS RAW,Cash,Cash and cash equivalents:Cash on Hand:Cash on Hand - Main,371409,,,301189.0,,,1500.0,1500.0,730492,,PHP,
1,Reference No,730491,ST. PIO MEDICAL CENTER,1800.0,371411.0,2024-05-03,730491,ST PIO MEDICAL CENTER RAW,1800.0,301191,418458,,2024-05-03,ST PIO MEDICAL CENTER RAW,Cash,Cash and cash equivalents:Cash on Hand:Cash on Hand - Main,371411,,,301191.0,,,1800.0,1800.0,730491,,PHP,
1,Reference No,730490,SONTIA POBLACION DIALYSIS CENTER,1500.0,371412.0,2024-05-03,730490,SOUTH POBLACION DIALYSIS RAW,1500.0,301192,418457,,2024-05-03,SOUTH POBLACION DIALYSIS RAW,Cash,Cash and cash equivalents:Cash on Hand:Cash on Hand - Main,371412,,,301192.0,,,1500.0,1500.0,730490,,PHP,
1,Reference No,730489,AVITUS,1500.0,371413.0,2024-05-03,730489,AVITUS STA CRUZ RAW,1500.0,301193,418456,,2024-05-03,AVITUS STA CRUZ RAW,Cash,Cash and cash equivalents:Cash on Hand:Cash on Hand - Main,371413,,,301193.0,,,1500.0,1500.0,730489,,PHP,
1,Reference No,730497,VILLA M RESORT DEEPWELL POOL,4700.0,371899.0,2024-05-07,730497,VILLA M RESORT DEEPWELL POOL,4700.0,316077,418464,,2024-05-07,VILLA M RESORT DEEPWELL POOL,Cash,Cash and cash equivalents:Cash on Hand:Cash on Hand - Main,371899,,,316077.0,,,4700.0,4700.0,730497,,PHP,
1,Reference No,730496,YIELDING ADVANCE SUSTAINABLE ON WATER TREATMENT,700.0,371898.0,2024-05-07,730496,YIELDING ADVANCE SUSTAINABLE ON WATER TREATMENT,700.0,316076,418463,,2024-05-07,YIELDING ADVANCE SUSTAINABLE ON WATER TREATMENT,Cash,Cash and cash equivalents:Cash on Hand:Cash on Hand - Main,371898,,,316076.0,,,700.0,700.0,730496,,PHP,
1,Reference No,730495,AVITUS,1500.0,371407.0,2024-05-03,730495,AVITUS SAN NARCISO RAW,1500.0,301187,418462,,2024-05-03,AVITUS SAN NARCISO RAW,Cash,Cash and cash equivalents:Cash on Hand:Cash on Hand - Main,371407,,,301187.0,,,1500.0,1500.0,730495,,PHP,
1,Reference No,730494,MMGHHSCPF,1500.0,371408.0,2024-05-03,730494,MMGHHSCPF HEMODIALYSIS CENTER RAW,1500.0,301188,418461,,2024-05-03,MMGHHSCPF HEMODIALYSIS CENTER RAW,Cash,Cash and cash equivalents:Cash on Hand:Cash on Hand - Main,371408,,,301188.0,,,1500.0,1500.0,730494,,PHP,
1,Reference No,730586,MARJORIE,435.0,371304.0,2024-05-09,730586,MARJORIE,435.0,318427,418469,,2024-05-09,MARJORIE,Cash,Cash and cash equivalents:Cash on Hand:Cash on Hand - Main,371304,,,318427.0,,,435.0,435.0,730586,,PHP,
1,Reference No,730585,MR ICE CUBE,500.0,371329.0,2024-05-09,730585,A & L,500.0,302325,418468,,2024-05-09,A & L,Cash,Cash and cash equivalents:Cash on Hand:Cash on Hand - Main,371329,,,302325.0,,,435.0,500.0,730585,,PHP,
1,Reference No,730595,RMC,435.0,371316.0,2024-05-23,730595,RMC,435.0,302319,418473,,2024-05-23,RMC,Cash,Cash and cash equivalents:Cash on Hand:Cash on Hand - Main,371316,,,302319.0,,,435.0,435.0,730595,,PHP,
1,Reference No,730590,PNOC'S,500.0,371235.0,2024-05-10,730590,PNOCS,500.0,302304,418472,,2024-05-10,PNOCS,Cash,Cash and cash equivalents:Cash on Hand:Cash on Hand - Main,371235,,,302304.0,,,500.0,500.0,730590,,PHP,
1,Reference No,730588,GIMPADCO,870.0,371232.0,2024-05-10,730588,GIMPADCO,870.0,318418,418471,,2024-05-10,GIMPADCO,Cash,Cash and cash equivalents:Cash on Hand:Cash on Hand - Main,371232,,,318418.0,,,870.0,870.0,730588,,PHP,
1,Reference No,730587,PREMIUM CUISINE CORP MAX'S IBA,1000.0,371327.0,2024-05-09,730587,PREMIUM CUISINE CORP DEEPWELL,1000.0,302323,418470,,2024-05-09,PREMIUM CUISINE CORP DEEPWELL,Cash,Cash and cash equivalents:Cash on Hand:Cash on Hand - Main,371327,,,302323.0,,,1000.0,1000.0,730587,,PHP,
1,Reference No,730737,CAKE 2 GO -,700.0,373164.0,2024-05-16,730737,CAKE 2 GO -,700.0,320615,418475,,2024-05-16,CAKE 2 GO -,Cash,Cash and cash equivalents:Cash on Hand:Cash on Hand - Main,373164,,,320615.0,,,550.0,700.0,730737,,PHP,
1,Reference No,730736,FRUITAS,700.0,373110.0,2024-05-16,730736,FRUITAS,700.0,318836,418474,,2024-05-16,FRUITAS,Cash,Cash and cash equivalents:Cash on Hand:Cash on Hand - Main,373110,,,318836.0,,,700.0,700.0,730736,,PHP,
1,Reference No,730738,COUNTRY NOODLES (PANCIT MALABON),1400.0,373111.0,2024-05-16,730738,COUNTRY NOODLES (PANCIT MALABON) SHORTHORN MAYNILAD,1400.0,302662,418476,,2024-05-16,COUNTRY NOODLES (PANCIT MALABON) SHORTHORN MAYNILAD,Cash,Cash and cash equivalents:Cash on Hand:Cash on Hand - Main,373111,,,302662.0,,,1400.0,1400.0,730738,,PHP,
1,Reference No,731288,ROBINSON SUPERMARKET CORPORATION,600.0,372137.0,2024-05-07,731288,THE MARKET PLACE-TWO CENTRAL,600.0,301421,418480,,2024-05-07,THE MARKET PLACE-TWO CENTRAL,Cash,Cash and cash equivalents:Cash on Hand:Cash on Hand - Main,372137,,,301421.0,,,600.0,600.0,731288,,PHP,
1,Reference No,730740,LUCK FOO INTERNATIONAL CUISINE INC,1400.0,373112.0,2024-05-16,730740,LUK FOO INTERNATIONAL CUISINE INC MAYNILAD,1400.0,302663,418478,,2024-05-16,LUK FOO INTERNATIONAL CUISINE INC MAYNILAD,Cash,Cash and cash equivalents:Cash on Hand:Cash on Hand - Main,373112,,,302663.0,,,1400.0,1400.0,730740,,PHP,
1,Reference No,730739,NICE HOTEL,7700.0,373114.0,2024-05-16,730739,NICE HOTEL MAYNILAD KITCHEN,7700.0,,418477,,2024-05-16,NICE HOTEL MAYNILAD KITCHEN,Cash,Cash and cash equivalents:Cash on Hand:Cash on Hand - Main,,,,,,,7700.0,7700.0,730739,,PHP,
1,Reference No,731334,FORDA UHAW,700.0,372749.0,2024-05-13,731334,FORDA UHAW,700.0,301900,418485,,2024-05-13,FORDA UHAW,Cash,Cash and cash equivalents:Cash In bank:CIB BDO 0776,372749,,,301900.0,,,700.0,700.0,731334,,PHP,
1,Reference No,731332,PHERED WATER STATION,500.0,372754.0,2024-05-13,731332,PHERED WATER STATION,500.0,,418484,,2024-05-13,PHERED WATER STATION,Cash,Cash and cash equivalents:Cash on Hand:Cash on Hand - Main,,,,,,,500.0,500.0,731332,,PHP,
1,Reference No,731330,CATER KING FOOD CORP,700.0,372973.0,2024-05-09,731330,CATER KING FOD CORP MAYNILAD,700.0,302620,418483,,2024-05-09,CATER KING FOD CORP MAYNILAD,Cash,Cash and cash equivalents:Cash on Hand:Cash on Hand - Main,372973,,,302620.0,,,700.0,700.0,731330,,PHP,
1,Reference No,731289,LOCAVORE MAKATI INC,600.0,372125.0,2024-05-07,731289,LOCAVORE MAKATI INC.,600.0,301414,418481,,2024-05-07,LOCAVORE MAKATI INC.,Cash,Cash and cash equivalents:Cash on Hand:Cash on Hand - Main,372125,,,301414.0,,,600.0,600.0,731289,,PHP,
1,Reference No,731338,RIMECO INTEGRATED CORP,700.0,372753.0,2024-05-13,731338,RIMERO INTEGRATED CORP,700.0,301905,418489,,2024-05-13,RIMERO INTEGRATED CORP,Cash,Cash and cash equivalents:Cash In bank:CIB BDO 0776,372753,,,301905.0,,,700.0,700.0,731338,,PHP,
1,Reference No,731337,OZONE PURE,700.0,372756.0,2024-05-13,731337,OZONE PURE OPAL ST,700.0,301907,418488,,2024-05-13,OZONE PURE OPAL ST,Cash,Cash and cash equivalents:Cash In bank:CIB BDO 0776,372756,,,301907.0,,,700.0,700.0,731337,,PHP,
1,Reference No,731336,HIDDEN WELL WRS,500.0,372752.0,2024-05-13,731336,QC HIDDEN WELL WRS ALKALINE,500.0,,418487,,2024-05-13,QC HIDDEN WELL WRS ALKALINE,Cash,Cash and cash equivalents:Cash on Hand:Cash on Hand - Main,,,,,,,500.0,500.0,731336,,PHP,
1,Reference No,731335,RFC WATER STATION,700.0,372751.0,2024-05-13,731335,QC RFC WATER STATION MINERAL,700.0,,418486,,2024-05-13,QC RFC WATER STATION MINERAL,Cash,Cash and cash equivalents:Cash on Hand:Cash on Hand - Main,,,,,,,700.0,700.0,731335,,PHP,
1,Reference No,731343,HYDROLIFE ALKAMINEFIED WRS,700.0,372757.0,2024-05-13,731343,HYDROLIFE ALKAMINEFIED WRS,700.0,301908,418494,,2024-05-13,HYDROLIFE ALKAMINEFIED WRS,Cash,Cash and cash equivalents:Cash In bank:CIB BDO 0776,372757,,,301908.0,,,700.0,700.0,731343,,PHP,
1,Reference No,731342,MANGO TREE CAFÉ,550.0,372763.0,2024-05-13,731342,MANGO TREE CAFÉ TRINOMA MAYNILAD F,550.0,301923,418493,,2024-05-13,MANGO TREE CAFÉ TRINOMA MAYNILAD F,Cash,Cash and cash equivalents:Cash In bank:CIB BDO 0776,372763,,,301923.0,,,550.0,550.0,731342,,PHP,
1,Reference No,731341,SILVERLUSH FOOD CORP,700.0,372761.0,2024-05-13,731341,ASTONS SPECIALITIES (SILVER LUSH FOOD CORP) TRINOMA MAYNILA F,700.0,301911,418492,,2024-05-13,ASTONS SPECIALITIES (SILVER LUSH FOOD CORP) TRINOMA MAYNILA F,Cash,Cash and cash equivalents:Cash In bank:CIB BDO 0776,372761,,,301911.0,,,700.0,700.0,731341,,PHP,
1,Reference No,731340,EST NAMNAM INC,1650.0,372764.0,2024-05-13,731340,MANAM TRINOMA MANILA,1650.0,301924,418491,,2024-05-13,MANAM TRINOMA MANILA,Cash,Cash and cash equivalents:Cash In bank:CIB BDO 0776,372764,,,301924.0,,,1650.0,1650.0,731340,,PHP,
1,Reference No,731339,BLAKES WINGS AND STEAK RESTAURANT,700.0,372762.0,2024-05-13,731339,BLAKES WINGS AND STEAK RESTAURANT TRINOMA MANILA F,700.0,301912,418490,,2024-05-13,BLAKES WINGS AND STEAK RESTAURANT TRINOMA MANILA F,Cash,Cash and cash equivalents:Cash In bank:CIB BDO 0776,372762,,,301912.0,,,700.0,700.0,731339,,PHP,
1,Reference No,731344,HEAVEN'S WONDER,600.0,372759.0,2024-05-13,731344,HEAVEN'S WONDER,600.0,301910,418495,,2024-05-13,HEAVEN'S WONDER,Cash,Cash and cash equivalents:Cash In bank:CIB BDO 0776,372759,,,301910.0,,,600.0,600.0,731344,,PHP,
1,Reference No,731346,CFAL OASIS DEVELOPMENT CORP,700.0,372767.0,2024-05-13,731346,CFAL OASIS DEV. CORP MAYNILAD CONVENIECE STORE,700.0,301925,418496,,2024-05-13,CFAL OASIS DEV. CORP MAYNILAD CONVENIECE STORE,Cash,Cash and cash equivalents:Cash In bank:CIB BDO 0776,372767,,,301925.0,,,700.0,700.0,731346,,PHP,
1,Reference No,1444,KLAIM WATER STATION,300.0,373288.0,2024-05-31,1444,KLAIM WATER STATION,300.0,,474785,,2024-05-31,KLAIM WATER STATION,Cash,Cash and cash equivalents:Cash on Hand:Cash on Hand - Main,,,,,,,300.0,300.0,1444,,PHP,
1,Reference No,3197,ALEXA STEFFIE WRS,3600.0,374166.0,2024-05-31,3197,ALEXA STEFFIE WRS,3600.0,,474884,,2024-05-31,ALEXA STEFFIE WRS,Cash,Cash and cash equivalents:Cash on Hand:Cash on Hand - Main,,,,,,,3600.0,3600.0,3197,,PHP,
1,Reference No,3421,ROBINSONS SUPERMARKET CORPORATION (1792),500.0,373609.0,2024-05-29,3421,ROBINSONS SUPERMARKET CORPORATION (1792),500.0,,474904,,2024-05-29,ROBINSONS SUPERMARKET CORPORATION (1792),Cash,Cash and cash equivalents:Cash on Hand:Cash on Hand - Main,,,,,,,500.0,500.0,3421,,PHP,
1,Reference No,3638,WATER AVENUE - BAYAN LUNA I,400.0,373151.0,2024-05-31,3638,WATER AVENUE   BAYAN LUNA I,400.0,,474933,,2024-05-31,WATER AVENUE   BAYAN LUNA I,Cash,Cash and cash equivalents:Cash on Hand:Cash on Hand - Main,,,,,,,400.0,400.0,3638,,PHP,
1,Reference No,4310,STREAM FRESH WRS,3500.0,374598.0,2024-05-29,4310,STREAM FRESH WRS,2000.0,,474997,,2024-05-29,STREAM FRESH WRS,Cash,Cash and cash equivalents:Cash on Hand:Cash on Hand - Main,,,,,,,2000.0,2000.0,4310,,PHP,
1,Reference No,4309,WATER FLOW-BIE WRS,3500.0,374597.0,2024-05-29,4309,WATER FLOW BIE WRS,2000.0,,474996,,2024-05-29,WATER FLOW BIE WRS,Cash,Cash and cash equivalents:Cash on Hand:Cash on Hand - Main,,,,,,,2000.0,2000.0,4309,,PHP,
1,Reference No,4311,LGU BATUAN DEEPWELL ROYROY WATER SYSTEM,3500.0,374599.0,2024-05-29,4311,LGU BATUAN DEEPWELL ROYROY WATER SYSTEM,2000.0,,474998,,2024-05-29,LGU BATUAN DEEPWELL ROYROY WATER SYSTEM,Cash,Cash and cash equivalents:Cash on Hand:Cash on Hand - Main,,,,,,,2000.0,2000.0,4311,,PHP,
1,Reference No,4317,ALONA KIAN NOAH WRS,3500.0,374653.0,2024-05-29,4317,ALONA KIAN NOAH WRS,2000.0,,475002,,2024-05-29,ALONA KIAN NOAH WRS,Cash,Cash and cash equivalents:Cash on Hand:Cash on Hand - Main,,,,,,,2000.0,2000.0,4317,,PHP,
1,Reference No,4316,RYZZA MAE WRS,3500.0,374652.0,2024-05-29,4316,RYZZA MAE WRS,2000.0,,475001,,2024-05-29,RYZZA MAE WRS,Cash,Cash and cash equivalents:Cash on Hand:Cash on Hand - Main,,,,,,,2000.0,2000.0,4316,,PHP,
1,Reference No,4315,AQUA LUCIA WRS,3500.0,374651.0,2024-05-29,4315,AQUA LUCIA WRS,2000.0,,475000,,2024-05-29,AQUA LUCIA WRS,Cash,Cash and cash equivalents:Cash on Hand:Cash on Hand - Main,,,,,,,2000.0,2000.0,4315,,PHP,
1,Reference No,4314,HADIYAH PURIFIED WRS,3500.0,374600.0,2024-05-29,4314,HADIYAH PURIFIED WRS,2000.0,,474999,,2024-05-29,HADIYAH PURIFIED WRS,Cash,Cash and cash equivalents:Cash on Hand:Cash on Hand - Main,,,,,,,2000.0,2000.0,4314,,PHP,
1,Reference No,4599,AQUA JOY WRS,3000.0,374439.0,2024-05-30,4599,AQUA JOY WRS,2000.0,,475088,,2024-05-30,AQUA JOY WRS,Cash,Cash and cash equivalents:Cash on Hand:Cash on Hand - Main,,,,,,,2000.0,2000.0,4599,,PHP,
1,Reference No,4598,GUISAPLONG SPRING,3000.0,374437.0,2024-05-30,4598,GUISAPLONG SPRING,2000.0,,475087,,2024-05-30,GUISAPLONG SPRING,Cash,Cash and cash equivalents:Cash on Hand:Cash on Hand - Main,,,,,,,2000.0,2000.0,4598,,PHP,
1,Reference No,4597,LAGUERTA WRS,3000.0,374436.0,2024-05-30,4597,LAGUERTA WRS,2000.0,,475086,,2024-05-30,LAGUERTA WRS,Cash,Cash and cash equivalents:Cash on Hand:Cash on Hand - Main,,,,,,,2000.0,2000.0,4597,,PHP,
1,Reference No,4596,AQUA MENTS WRS,3000.0,374435.0,2024-05-30,4596,AQUA MENTS WRS,2000.0,,475085,,2024-05-30,AQUA MENTS WRS,Cash,Cash and cash equivalents:Cash on Hand:Cash on Hand - Main,,,,,,,2000.0,2000.0,4596,,PHP,
1,Reference No,4595,DONNEX WRS,3000.0,374434.0,2024-05-30,4595,DONNEX WRS,2000.0,,475084,,2024-05-30,DONNEX WRS,Cash,Cash and cash equivalents:Cash on Hand:Cash on Hand - Main,,,,,,,2000.0,2000.0,4595,,PHP,
1,Reference No,4600,ZAMBALES VILLA,500.0,374596.0,2024-05-30,4600,ZAMBALES VILLA,500.0,,475089,,2024-05-30,ZAMBALES VILLA,Cash,Cash and cash equivalents:Cash on Hand:Cash on Hand - Main,,,,,,,500.0,500.0,4600,,PHP,
1,Reference No,4968,DAITRIX WRS,1650.0,370794.0,2024-05-29,4968,DAITRIX WRS,1650.0,,475106,,2024-05-29,DAITRIX WRS,Cash,Cash and cash equivalents:Cash on Hand:Cash on Hand - Main,,,,,,,1650.0,1650.0,4968,,PHP,
1,Reference No,726287,SUSANA FOOD DISTRIBUTION CORP.,3500.0,371137.0,2024-05-31,726287,SUSANA FOOD DISTRIBUTION CORPORATION,3500.0,,475115,,2024-05-31,SUSANA FOOD DISTRIBUTION CORPORATION,Cash,Cash and cash equivalents:Cash on Hand:Cash on Hand - Main,,,,,,,3500.0,3500.0,726287,,PHP,
1,Reference No,726286,CTJ ASIA CORP.,3500.0,371135.0,2024-05-31,726286,CTJ ASIA CORP,3500.0,,475114,,2024-05-31,CTJ ASIA CORP,Cash,Cash and cash equivalents:Cash on Hand:Cash on Hand - Main,,,,,,,3500.0,3500.0,726286,,PHP,
1,Reference No,726291,MATER CARMELI SCHOOL,700.0,374051.0,2024-05-31,726291,MATER CARMELI SCHOOL,700.0,,475118,,2024-05-31,MATER CARMELI SCHOOL,Cash,Cash and cash equivalents:Cash on Hand:Cash on Hand - Main,,,,,,,700.0,700.0,726291,,PHP,
1,Reference No,726290,EST. NAMNAM INC,550.0,373942.0,2024-05-31,726290,EST NAMNAM INC,550.0,,475117,,2024-05-31,EST NAMNAM INC,Cash,Cash and cash equivalents:Cash on Hand:Cash on Hand - Main,,,,,,,550.0,550.0,726290,,PHP,
1,Reference No,726289,MT. ISAROG WATER STATION,650.0,372269.0,2024-05-31,726289,MT ISAROG WATER STATION,650.0,,475116,,2024-05-31,MT ISAROG WATER STATION,Cash,Cash and cash equivalents:Cash on Hand:Cash on Hand - Main,,,,,,,650.0,650.0,726289,,PHP,
1,Reference No,726292,YOMI WRS,550.0,373115.0,2024-05-31,726292,GENTRIAS YOMI WRS,550.0,,475119,,2024-05-31,GENTRIAS YOMI WRS,Cash,Cash and cash equivalents:Cash on Hand:Cash on Hand - Main,,,,,,,550.0,550.0,726292,,PHP,
1,Reference No,729749,COOL DROPS WRS,1500.0,374021.0,2024-05-29,729749,COOL DROPS WRS,1500.0,,475124,,2024-05-29,COOL DROPS WRS,Cash,Cash and cash equivalents:Cash on Hand:Cash on Hand - Main,,,,,,,1500.0,1500.0,729749,,PHP,
1,Reference No,726295,EARL LEY REFILLING,550.0,373124.0,2024-05-31,726295,EARL LEY REFILLING,550.0,,475121,,2024-05-31,EARL LEY REFILLING,Cash,Cash and cash equivalents:Cash on Hand:Cash on Hand - Main,,,,,,,550.0,550.0,726295,,PHP,
1,Reference No,726293,NORABEN FOOD MANUFACTURING,550.0,373116.0,2024-05-31,726293,GENTRIAS NORABEN FOOD MANUFACTURING,550.0,,475120,,2024-05-31,GENTRIAS NORABEN FOOD MANUFACTURING,Cash,Cash and cash equivalents:Cash on Hand:Cash on Hand - Main,,,,,,,550.0,550.0,726293,,PHP,
1,Reference No,2285,JHONA & JHAYRICK WRS,400.0,373204.0,2024-05-31,2285,JHONA & JHAYRICK WRS,800.0,,478551,,2024-05-31,JHONA & JHAYRICK WRS,Cash,Cash and cash equivalents:Cash on Hand:Cash on Hand - Main,,,,,,,800.0,800.0,2285,,PHP,
1,Reference No,2284,LIVING WATER,1800.0,374579.0,2024-05-31,2284,LIVING WATER,3600.0,,478550,,2024-05-31,LIVING WATER,Cash,Cash and cash equivalents:Cash on Hand:Cash on Hand - Main,,,,,,,3600.0,3600.0,2284,,PHP,
1,Reference No,2283,LIVING WATER,400.0,373208.0,2024-05-31,2283,LIVING WATER,800.0,,478549,,2024-05-31,LIVING WATER,Cash,Cash and cash equivalents:Cash on Hand:Cash on Hand - Main,,,,,,,800.0,800.0,2283,,PHP,
1,Reference No,2280,JHONELME WS,400.0,373210.0,2024-05-31,2280,JHONELME WS,800.0,,478546,,2024-05-31,JHONELME WS,Cash,Cash and cash equivalents:Cash on Hand:Cash on Hand - Main,,,,,,,800.0,800.0,2280,,PHP,
1,Reference No,2278,AQUA DROPS WRS,400.0,373199.0,2024-05-31,2278,AQUA DROPS WRS,800.0,,478544,,2024-05-31,AQUA DROPS WRS,Cash,Cash and cash equivalents:Cash on Hand:Cash on Hand - Main,,,,,,,800.0,800.0,2278,,PHP,
1,Reference No,2288,JERIS WS,400.0,369076.0,2024-05-31,2288,JERIS WS,800.0,,478564,,2024-05-31,JERIS WS,Cash,Cash and cash equivalents:Cash on Hand:Cash on Hand - Main,,,,,,,800.0,800.0,2288,,PHP,
1,Reference No,1852,PINEHURST MEDICAL SERVICES INC,7500.0,274768.0,2024-05-02,1852,JAIME B. BERCES MEMORIAL HOSPITAL,1350.0,,501500,,2024-05-14,JAIME B. BERCES MEMORIAL HOSPITAL,Cash,Cash and cash equivalents:Cash on Hand,,,,,,,1350.0,1350.0,1852,,PHP,
1,Reference No,1851,PINEHURST MEDICAL SERVICES INC,7500.0,361948.0,2024-05-02,1851,AÑES WATER REFILLING STATION,900.0,,503056,,2024-05-14,AÑES WATER REFILLING STATION,Cash,Cash and cash equivalents:Cash on Hand,,,,,,,900.0,900.0,1851,,PHP,
1,Reference No,1910,SAINT PASCAL DEBAYLON HOSPITAL CORP,1500.0,370364.0,2024-05-17,1910,ELLSONWIL WATER REFILLING STATION,600.0,165209,503135,,2024-05-21,ELLSONWIL WATER REFILLING STATION,Cash,Cash and cash equivalents:Cash on Hand:Cash on Hand - Naga,00637,,,165209.0,,,600.0,600.0,1910,,PHP,
1,Reference No,2277,JBS 2 WRS,400.0,373196.0,2024-05-31,2277,IMUS JBS 2 WRS,400.0,,503141,,2024-05-31,IMUS JBS 2 WRS,Cash,Cash and cash equivalents:Cash on Hand:Cash on Hand - Main,,,,,,,400.0,400.0,2277,,PHP,
1,Reference No,2289,JERIS WS,1800.0,374576.0,2024-05-31,2289,JERIS WS,5400.0,,503146,,2024-05-31,JERIS WS,Cash,Cash and cash equivalents:Cash on Hand:Cash on Hand - Main,,,,,,,5400.0,5400.0,2289,,PHP,
1,Reference No,2287,SURE PURE,400.0,373194.0,2024-05-31,2287,SURE PURE,400.0,,503145,,2024-05-31,SURE PURE,Cash,Cash and cash equivalents:Cash on Hand:Cash on Hand - Main,,,,,,,400.0,400.0,2287,,PHP,
1,Reference No,2282,GEON PWS,400.0,373283.0,2024-05-31,2282,GEON PWS,1200.0,,503144,,2024-05-31,GEON PWS,Cash,Cash and cash equivalents:Cash on Hand:Cash on Hand - Main,,,,,,,1200.0,1200.0,2282,,PHP,
1,Reference No,2281,JHONLINE WS,1800.0,373210.0,2024-05-31,2281,JHONELME WS,1800.0,,503143,,2024-05-31,JHONELME WS,Cash,Cash and cash equivalents:Cash on Hand:Cash on Hand - Main,,,,,,,1800.0,1800.0,2281,,PHP,
1,Reference No,2294,UNCLE JOHN'S CYBERGATE PLAZA,350.0,372594.0,2024-05-31,2294,UNCLE JOHNS CYBERGATE PLAZA,350.0,,503160,,2024-05-31,UNCLE JOHNS CYBERGATE PLAZA,Cash,Cash and cash equivalents:Cash on Hand:Cash on Hand - Main,,,,,,,350.0,350.0,2294,,PHP,
1,Reference No,2293,MMJ FOOD CORPORATION,700.0,374253.0,2024-05-31,2293,MMJ FOOD CORPORATION,700.0,,503159,,2024-05-31,MMJ FOOD CORPORATION,Cash,Cash and cash equivalents:Cash on Hand:Cash on Hand - Main,,,,,,,700.0,700.0,2293,,PHP,
1,Reference No,2299,7 ELEVEN FOOD STORE,350.0,372592.0,2024-05-31,2299,7 ELEVEN FOOD STORE,350.0,,503161,,2024-05-31,7 ELEVEN FOOD STORE,Cash,Cash and cash equivalents:Cash on Hand:Cash on Hand - Main,,,,,,,350.0,350.0,2299,,PHP,
1,Reference No,1967,LN'S WATER WRS,2500.0,373669.0,2024-05-07,1967,LGU-PAMPLONA,99750.0,147567,648748,,2024-05-28,LGU-PAMPLONA,,Cash and cash equivalents:Cash on Hand:Cash on Hand - Main,132,,,147567.0,,,27900.0,99750.0,1967,,PHP,
1,Reference No,1696,MT. SAMAT MEDICAL CENTER INC,1500.0,373591.0,2024-05-13,1696,MOM & POPS WATER REFILLING STATION,3500.0,165034,648842,,2024-05-07,MOM & POPS WATER REFILLING STATION,Cash,Cash and cash equivalents:Cash on Hand:Cash on Hand - Naga,00461,,,165034.0,,,3500.0,3500.0,1696,,PHP,
1,Reference No,1695,OMON ST. MICHAEL HOSPITAL INC,4000.0,370240.0,2024-05-13,1695,PAPA'S BHOY WATER REFILLING STATION,600.0,165033,648847,,2024-05-07,PAPA'S BHOY WATER REFILLING STATION,Cash,Cash and cash equivalents:Cash on Hand:Cash on Hand - Naga,00460,,,165033.0,,,600.0,600.0,1695,,PHP,
1,Reference No,1981,MANILA MED MEDICAL CENTER MANILA,3000.0,366053.0,2024-05-30,1981,LIFEPLUS KIDNEY CENTER INC.,1800.0,165041,648851,,2024-05-28,LIFEPLUS KIDNEY CENTER INC.,Cash,Cash and cash equivalents:Cash on Hand:Cash on Hand - Naga,00468,,,165041.0,,,1800.0,1800.0,1981,,PHP,
1,Reference No,1694,JOSE C. DAYUMO JR. MEMORIAL HOSPITAL DIALYSIS CENTER,1500.0,370239.0,2024-05-13,1694,ASWSL WATER REFILLING STATION (AQUASOFT),600.0,165351,648868,,2024-05-07,ASWSL WATER REFILLING STATION (AQUASOFT),Cash,Cash and cash equivalents:Cash on Hand:Cash on Hand - Naga,00459,,,165351.0,,,600.0,600.0,1694,,PHP,
1,Reference No,1693,ALFAMETRO MARKETING INC,171206.0,,2024-05-02,1693,LORENTE WATER REFILLING STATION,600.0,165352,648869,,2024-05-07,LORENTE WATER REFILLING STATION,Cash,Cash and cash equivalents:Cash on Hand:Cash on Hand - Naga,00458,,,165352.0,,,600.0,600.0,1693,,PHP,
1,Reference No,1698,BATAAN KIDNEY AND DIALYSIS CENTER,1470.0,368073.0,2024-05-13,1698,JDP WATER REFILLING STATION,4100.0,165035,648870,,2024-05-07,JDP WATER REFILLING STATION,Cash,Cash and cash equivalents:Cash on Hand:Cash on Hand - Naga,00462,,,165035.0,,,4100.0,4100.0,1698,,PHP,
1,Reference No,1699,ORANI KIDNEY AND DIALYSIS CENTER,1470.0,368074.0,2024-05-13,1699,PURE DROP WATER REFILLING STATION,4100.0,165036,648871,,2024-05-07,PURE DROP WATER REFILLING STATION,Cash,Cash and cash equivalents:Cash on Hand:Cash on Hand - Naga,00463,,,165036.0,,,4100.0,4100.0,1699,,PHP,
1,Reference No,1751,HANSBURY INC,700.0,370951.0,2024-05-13,1751,AQUALIM WATER REFILLING STATION,600.0,165102,649373,,2024-05-13,AQUALIM WATER REFILLING STATION,Cash,Cash and cash equivalents:Cash on Hand:Cash on Hand - Naga,00529,,,165102.0,,,600.0,600.0,1751,,PHP,
1,Reference No,1752,MASIL HEALTHY FOOD CORP,700.0,370993.0,2024-05-15,1752,HYDRASPLASH WATER REFILLING STATION,600.0,165103,649376,,2024-05-13,HYDRASPLASH WATER REFILLING STATION,Cash,Cash and cash equivalents:Cash on Hand:Cash on Hand - Naga,00530,,,165103.0,,,600.0,600.0,1752,,PHP,
1,Reference No,1753,CIBO,700.0,370970.0,2024-05-15,1753,FRANNES WATER REFILLING STATION,600.0,165104,649378,,2024-05-13,FRANNES WATER REFILLING STATION,Cash,Cash and cash equivalents:Cash on Hand:Cash on Hand - Naga,00531,,,165104.0,,,600.0,600.0,1753,,PHP,
1,Reference No,1754,CINNABON,700.0,370976.0,2024-05-15,1754,NJSC WATER REFILLING STATION,600.0,165105,649381,,2024-05-13,NJSC WATER REFILLING STATION,Cash,Cash and cash equivalents:Cash on Hand:Cash on Hand - Naga,00532,,,165105.0,,,600.0,600.0,1754,,PHP,
1,Reference No,1755,GOLDILOCKS,700.0,371028.0,2024-05-15,1755,SCQ WATER REFILLING STATION,600.0,165106,649385,,2024-05-13,SCQ WATER REFILLING STATION,Cash,Cash and cash equivalents:Cash on Hand:Cash on Hand - Naga,00533,,,165106.0,,,600.0,600.0,1755,,PHP,
1,Reference No,1756,HAIRMAGIC SALONS INC,750.0,373834.0,2024-05-17,1756,VSF WATER CYCLE WATER REFILLING STATION,600.0,165107,649390,,2024-05-13,VSF WATER CYCLE WATER REFILLING STATION,Cash,Cash and cash equivalents:Cash on Hand:Cash on Hand - Naga,00534,,,165107.0,,,600.0,600.0,1756,,PHP,
1,Reference No,1757,EXPRESS SINCERITY RESTAURANT,350.0,371055.0,2024-05-17,1757,ROLLY DOS II,700.0,165108,649457,,2024-05-13,ROLLY DOS II,Cash,Cash and cash equivalents:Cash on Hand:Cash on Hand - Naga,00535,,,165108.0,,,700.0,700.0,1757,,PHP,
1,Reference No,1758,SHAKEY'S,700.0,371013.0,2024-05-17,1758,AQUAMIST PURIFIED WATER REFILLING STATION,600.0,165109,649459,,2024-05-13,AQUAMIST PURIFIED WATER REFILLING STATION,Cash,Cash and cash equivalents:Cash on Hand:Cash on Hand - Naga,00536,,,165109.0,,,600.0,600.0,1758,,PHP,
1,Reference No,1794,SUMOSAM,700.0,372637.0,2024-05-21,1794,K BAYAN WRS,3850.0,564435,649485,,2024-05-14,K BAYAN WRS,Cash,Cash and cash equivalents:Cash on Hand:Cash on Hand - Naga,0021,,,564435.0,,,3850.0,3850.0,1794,,PHP,
1,Reference No,1764,KIMONO KEN,700.0,372622.0,2024-05-21,1764,NIKNOK FARM,3500.0,165115,649497,,2024-05-14,NIKNOK FARM,Cash,Cash and cash equivalents:Cash on Hand:Cash on Hand - Naga,00542,,,165115.0,,,3500.0,3500.0,1764,,PHP,
1,Reference No,1793,CBD FOODVENTURE INC,350.0,372610.0,2024-05-21,1793,WATERWISE WRS,3850.0,564436,649499,,2024-05-14,WATERWISE WRS,Cash,Cash and cash equivalents:Cash on Hand:Cash on Hand - Naga,0020,,,564436.0,,,3850.0,3850.0,1793,,PHP,
1,Reference No,1787,GOLDEN ATLANTIC EVEREST FOOD CORP,2250.0,372601.0,2024-05-21,1787,AQUA BROTHERS WRS,4100.0,564438,649500,,2024-05-14,AQUA BROTHERS WRS,Cash,Cash and cash equivalents:Cash on Hand:Cash on Hand - Naga,0014,,,564438.0,,,4100.0,4100.0,1787,,PHP,
1,Reference No,1783,THE BIG CHILL INC,350.0,372603.0,2024-05-21,1783,WATER 7 REFILLING STATION,4100.0,564439,649502,,2024-05-14,WATER 7 REFILLING STATION,Cash,Cash and cash equivalents:Cash on Hand:Cash on Hand - Naga,NAG-009,,,564439.0,,,4100.0,4100.0,1783,,PHP,
1,Reference No,1785,GINO'S BRICK OVEN PIZZA,350.0,372605.0,2024-05-21,1785,CAM SUR SAMAYPAN WRS,4100.0,564448,649533,,2024-05-14,CAM SUR SAMAYPAN WRS,Cash,Cash and cash equivalents:Cash on Hand:Cash on Hand - Naga,0011,,,564448.0,,,4100.0,4100.0,1785,,PHP,
1,Reference No,1870,DOMINOS PIZZA MABALACAT,900.0,369022.0,2024-05-16,1870,AQUA SERV WATER REFILLING STATION (NAGA),3500.0,165169,649536,,2024-05-20,AQUA SERV WATER REFILLING STATION (NAGA),Cash,Cash and cash equivalents:Cash on Hand:Cash on Hand - Naga,00597,,,165169.0,,,3500.0,3500.0,1870,,PHP,
1,Reference No,1760,CLASSIC SAVORY,700.0,373044.0,2024-05-17,1760,"CITY WATER REFILLING STATION, MILAOR",600.0,165111,649538,,2024-05-13,"CITY WATER REFILLING STATION, MILAOR",Cash,Cash and cash equivalents:Cash on Hand:Cash on Hand - Naga,00538,,,165111.0,,,600.0,600.0,1760,,PHP,
1,Reference No,1761,SHIN MANN-HANN CORP,350.0,371010.0,2024-05-17,1761,"NAGA HEMODIALYSIS CENTER, INC",1800.0,165112,649542,,2024-05-13,"NAGA HEMODIALYSIS CENTER, INC",Cash,Cash and cash equivalents:Cash on Hand:Cash on Hand - Naga,00539,,,165112.0,,,1800.0,1800.0,1761,,PHP,
1,Reference No,1774,MAMA BEAR'S HOMEMADE CONCEPTS INC,350.0,372646.0,2024-05-21,1774,HYDROSAVE WATER REFILLING STATION,600.0,164985,649545,,2024-05-14,HYDROSAVE WATER REFILLING STATION,Cash,Cash and cash equivalents:Cash on Hand:Cash on Hand - Naga,00002,,,164985.0,,,600.0,600.0,1774,,PHP,
1,Reference No,1775,BAGNET BOY,350.0,372617.0,2024-05-21,1775,H2OH COCOFRESH WATER REFILLING STATION,600.0,164986,649553,,2024-05-14,H2OH COCOFRESH WATER REFILLING STATION,Cash,Cash and cash equivalents:Cash on Hand:Cash on Hand - Naga,00003,,,164986.0,,,600.0,600.0,1775,,PHP,
1,Reference No,1856,SMART LAB DIAGNOSTIC AND DIALYSIS CENETR,1500.0,370195.0,2024-05-06,1856,S & R CANTEEN NF,1200.0,297979,649555,,2024-05-17,S & R CANTEEN NF,Cash,Cash and cash equivalents:Cash on Hand:Cash on Hand - Naga,594,,,297979.0,,,1200.0,1200.0,1856,,PHP,
1,Reference No,1877,THE KIDNEY SPACE INC DIALYSIS CENTER,1500.0,370144.0,2024-05-23,1877,YANG THAN WATER REFILLING STATION,4100.0,165176,649557,,2024-05-20,YANG THAN WATER REFILLING STATION,Cash,Cash and cash equivalents:Cash on Hand:Cash on Hand - Naga,00604,,,165176.0,,,4100.0,4100.0,1877,,PHP,
1,Reference No,1904,PASIG DOCTOR'S MEDICAL CENTER,1500.0,365984.0,2024-05-09,1904,ALKHEMY WATER REFILLING STATION,4100.0,165203,649558,,2024-05-21,ALKHEMY WATER REFILLING STATION,Cash,Cash and cash equivalents:Cash on Hand:Cash on Hand - Naga,00631,,,165203.0,,,4100.0,4100.0,1904,,PHP,
1,Reference No,1979,FE DEL MUNDO MEDICAL CENTER,7366.07,370183.0,2024-05-30,1979,FRYDT WATER REFILLING STATION (PAMPLONA),4100.0,165278,649569,,2024-05-28,FRYDT WATER REFILLING STATION (PAMPLONA),Cash,Cash and cash equivalents:Cash on Hand:Cash on Hand - Naga,00706,,,165278.0,,,4100.0,4100.0,1979,,PHP,
1,Reference No,1901,PARAÑAQUE DOCTORS HOSPITAL,1500.0,366027.0,2024-05-03,1901,WATER LOVE WATER REFILLING STATION,600.0,165195,649626,,2024-05-21,WATER LOVE WATER REFILLING STATION,Cash,Cash and cash equivalents:Cash on Hand:Cash on Hand - Naga,00623,,,165195.0,,,600.0,600.0,1901,,PHP,
1,Reference No,1902,OSPITAL NG PARAÑAQUE,2500.0,361945.0,2024-05-07,1902,EXESOL WATER REFILLING STATION,600.0,165196,649627,,2024-05-21,EXESOL WATER REFILLING STATION,Cash,Cash and cash equivalents:Cash on Hand:Cash on Hand - Naga,00624,,,165196.0,,,600.0,600.0,1902,,PHP,
1,Reference No,1776,70'S KIMCHI,350.0,372613.0,2024-05-21,1776,LUCKYBURST WATER REFILLING STATION/ MISTY WATER REFILLING STATION,600.0,164987,649694,,2024-05-14,LUCKYBURST WATER REFILLING STATION/ MISTY WATER REFILLING STATION,Cash,Cash and cash equivalents:Cash on Hand:Cash on Hand - Naga,00004,,,164987.0,,,600.0,600.0,1776,,PHP,
1,Reference No,1777,PEPER BROERS INC,700.0,372644.0,2024-05-21,1777,VMAC COOL BLUE WATER REFILLING STATION,600.0,164988,649695,,2024-05-14,VMAC COOL BLUE WATER REFILLING STATION,Cash,Cash and cash equivalents:Cash on Hand:Cash on Hand - Naga,00005,,,164988.0,,,600.0,600.0,1777,,PHP,
1,Reference No,1778,MAX'S KITCHEN INC,1500.0,372600.0,2024-05-21,1778,SINAN TUBIG WATER REFILLING STATION,600.0,164989,649696,,2024-05-14,SINAN TUBIG WATER REFILLING STATION,Cash,Cash and cash equivalents:Cash on Hand:Cash on Hand - Naga,00006,,,164989.0,,,600.0,600.0,1778,,PHP,
1,Reference No,1781,DAILYSOUL INC,1050.0,372640.0,2024-05-21,1781,CASURECO II EMPLOYEES MULTIPURPOSE COOPERATIVE,600.0,164990,649698,,2024-05-14,CASURECO II EMPLOYEES MULTIPURPOSE COOPERATIVE,Cash,Cash and cash equivalents:Cash on Hand:Cash on Hand - Naga,00007,,,164990.0,,,600.0,600.0,1781,,PHP,
1,Reference No,1784,FIGARO COFFEE SYSTEMS INC,700.0,372632.0,2024-05-21,1784,"GOLDEN FLAVORS, INC. (JOLLIBEE SIPOCOT)",1800.0,164993,649699,,2024-05-14,"GOLDEN FLAVORS, INC. (JOLLIBEE SIPOCOT)",Cash,Cash and cash equivalents:Cash on Hand:Cash on Hand - Naga,00010,,,164993.0,,,1800.0,1800.0,1784,,PHP,
1,Reference No,1782,TAIPEIFOODS INC,700.0,372625.0,2024-05-21,1782,PRINCE ALKAWAY WATER REFILLING STATION,600.0,164991,649700,,2024-05-14,PRINCE ALKAWAY WATER REFILLING STATION,Cash,Cash and cash equivalents:Cash on Hand:Cash on Hand - Naga,00008,,,164991.0,,,600.0,600.0,1782,,PHP,
1,Reference No,1788,MAX'S GROUP INC,1400.0,372598.0,2024-05-21,1788,AMAZING LAGOON AQUA STATION,600.0,164997,649701,,2024-05-14,AMAZING LAGOON AQUA STATION,Cash,Cash and cash equivalents:Cash on Hand:Cash on Hand - Naga,00015,,,164997.0,,,600.0,600.0,1788,,PHP,
1,Reference No,1789,BANAPPLE,750.0,372599.0,2024-05-21,1789,ASHLENE WATER REFILLING STATION,600.0,164998,649704,,2024-05-14,ASHLENE WATER REFILLING STATION,Cash,Cash and cash equivalents:Cash on Hand:Cash on Hand - Naga,00016,,,164998.0,,,600.0,600.0,1789,,PHP,
1,Reference No,1790,CAFÉ AZUL CORP,350.0,372604.0,2024-05-21,1790,C. WATER REFILLING STATION,600.0,164999,649705,,2024-05-14,C. WATER REFILLING STATION,Cash,Cash and cash equivalents:Cash on Hand:Cash on Hand - Naga,00017,,,164999.0,,,600.0,600.0,1790,,PHP,
1,Reference No,1964,JOMAY WRS,500.0,373656.0,2024-05-07,1964,BIOFROST TUBE ICE & WATER REFILLING STATION,1200.0,165264,649709,,2024-05-28,BIOFROST TUBE ICE & WATER REFILLING STATION,Cash,Cash and cash equivalents:Cash on Hand:Cash on Hand - Naga,00692,,,165264.0,,,1200.0,1200.0,1964,,PHP,
1,Reference No,1842,CEBU OVEN MAGIC CORP,700.0,373804.0,2024-05-24,1842,BETA WATERS- VISTANZA,1800.0,165141,649713,,2024-05-14,BETA WATERS- VISTANZA,Cash,Cash and cash equivalents:Cash on Hand:Cash on Hand - Naga,00569,,,165141.0,,,1800.0,1800.0,1842,,PHP,
1,Reference No,1791,CUESINA,700.0,372624.0,2024-05-21,1791,HYDRO QUENCH WATER REFILLING STATION,600.0,165000,649724,,2024-05-14,HYDRO QUENCH WATER REFILLING STATION,Cash,Cash and cash equivalents:Cash on Hand:Cash on Hand - Naga,00018,,,165000.0,,,600.0,600.0,1791,,PHP,
1,Reference No,1792,PHO HOA,350.0,372606.0,2024-05-21,1792,SUNNY ONE WATER REFILLING STATION,600.0,165001,649913,,2024-05-14,SUNNY ONE WATER REFILLING STATION,Cash,Cash and cash equivalents:Cash on Hand:Cash on Hand - Naga,00019,,,165001.0,,,600.0,600.0,1792,,PHP,
1,Reference No,1795,TENDER BOB'S,700.0,372638.0,2024-05-21,1795,ERICA WATERS,350.0,165004,649918,,2024-05-14,ERICA WATERS,Cash,Cash and cash equivalents:Cash on Hand:Cash on Hand - Naga,00022,,,165004.0,,,350.0,350.0,1795,,PHP,
1,Reference No,1798,ELEVATED FOOD RECIPE INC,700.0,372700.0,2024-05-21,1798,YARAFIL WATER REFILLING STATION,350.0,165007,649956,,2024-05-14,YARAFIL WATER REFILLING STATION,Cash,Cash and cash equivalents:Cash on Hand:Cash on Hand - Naga,00024,,,165007.0,,,350.0,350.0,1798,,PHP,
1,Reference No,1799,TEXAS ROADHOUSE,1050.0,373875.0,2024-05-21,1799,AQUABELLA WATER REFILLING STATION,350.0,165008,649957,,2024-05-14,AQUABELLA WATER REFILLING STATION,Cash,Cash and cash equivalents:Cash on Hand:Cash on Hand - Naga,00026,,,165008.0,,,350.0,350.0,1799,,PHP,
1,Reference No,1800,MODERN SHANGHAI,350.0,372623.0,2024-05-21,1800,AQUAMARIE WATER REFILLING STATION,350.0,165009,649959,,2024-05-14,AQUAMARIE WATER REFILLING STATION,Cash,Cash and cash equivalents:Cash on Hand:Cash on Hand - Naga,00027,,,165009.0,,,350.0,350.0,1800,,PHP,
1,Reference No,1779,QUICKLY,350.0,372611.0,2024-05-21,1779,BOSS JEFF WATER REFILLING STATION,600.0,165019,649987,,2024-05-14,BOSS JEFF WATER REFILLING STATION,Cash,Cash and cash equivalents:Cash on Hand:Cash on Hand - Naga,00037,,,165019.0,,,600.0,600.0,1779,,PHP,
1,Reference No,1762,BONCHON,1050.0,372642.0,2024-05-21,1762,AÑES- CBD WATER REFILLING STATION,600.0,165113,650003,,2024-05-13,AÑES- CBD WATER REFILLING STATION,Cash,Cash and cash equivalents:Cash on Hand:Cash on Hand - Naga,00540,,,165113.0,,,600.0,600.0,1762,,PHP,
1,Reference No,1763,HEN LIN,350.0,372612.0,2024-05-21,1763,CENMAR'S WATER REFILLING STATION,600.0,165114,650005,,2024-05-14,CENMAR'S WATER REFILLING STATION,Cash,Cash and cash equivalents:Cash on Hand:Cash on Hand - Naga,00541,,,165114.0,,,600.0,600.0,1763,,PHP,
1,Reference No,1765,BALIWAG LECHON MANOK INC,350.0,372616.0,2024-05-21,1765,AQUA MIRO WATER REFILLING STATION,600.0,165116,650006,,2024-05-14,AQUA MIRO WATER REFILLING STATION,Cash,Cash and cash equivalents:Cash on Hand:Cash on Hand - Naga,00543,,,165116.0,,,600.0,600.0,1765,,PHP,
1,Reference No,1766,STEAK STATION,350.0,372619.0,2024-05-21,1766,LING-JHUN WATER STATION,600.0,165117,650007,,2024-05-14,LING-JHUN WATER STATION,Cash,Cash and cash equivalents:Cash on Hand:Cash on Hand - Naga,00544,,,165117.0,,,600.0,600.0,1766,,PHP,
1,Reference No,1767,RBQ FOOD SPECIALISTS INC.,350.0,372615.0,2024-05-21,1767,BLUELEAF WATER REFILLING STATION,600.0,165118,650008,,2024-05-14,BLUELEAF WATER REFILLING STATION,Cash,Cash and cash equivalents:Cash on Hand:Cash on Hand - Naga,00545,,,165118.0,,,600.0,600.0,1767,,PHP,
1,Reference No,1768,KAKATAKAM,350.0,373873.0,2024-05-21,1768,AQUA STREAM WATER REFILLING STATION,600.0,165119,650009,,2024-05-14,AQUA STREAM WATER REFILLING STATION,Cash,Cash and cash equivalents:Cash on Hand:Cash on Hand - Naga,00546,,,165119.0,,,600.0,600.0,1768,,PHP,
1,Reference No,1769,WENPHIL CORPORATION,1050.0,372641.0,2024-05-21,1769,MEL'S CHOICE WATER REFILLING STATION,600.0,165120,650010,,2024-05-14,MEL'S CHOICE WATER REFILLING STATION,Cash,Cash and cash equivalents:Cash on Hand:Cash on Hand - Naga,00547,,,165120.0,,,600.0,600.0,1769,,PHP,
1,Reference No,1833,CHOWDER FOOD INC/GOTO TOPPS,400.0,371583.0,2024-05-14,1833,ROYAL BREEZE WATER REFILLING STATION,600.0,165134,650018,,2024-05-14,ROYAL BREEZE WATER REFILLING STATION,Cash,Cash and cash equivalents:Cash on Hand:Cash on Hand - Naga,00561,,,165134.0,,,600.0,600.0,1833,,PHP,
1,Reference No,1834,GOLDILOCKS BAKESHOP INC,600.0,373798.0,2024-05-24,1834,SEASIDE SPRING WATER REFILLING STATION,600.0,165135,650019,,2024-05-14,SEASIDE SPRING WATER REFILLING STATION,Cash,Cash and cash equivalents:Cash on Hand:Cash on Hand - Naga,00562,,,165135.0,,,600.0,600.0,1834,,PHP,
1,Reference No,1835,BEARS FOOD INC,600.0,373799.0,2024-05-24,1835,SEAWASE WATER REFILLING STATION,600.0,165136,650020,,2024-05-14,SEAWASE WATER REFILLING STATION,Cash,Cash and cash equivalents:Cash on Hand:Cash on Hand - Naga,00563,,,165136.0,,,600.0,600.0,1835,,PHP,
1,Reference No,1836,EMILIA AND SONS INC,700.0,373802.0,2024-05-24,1836,TUBIG 19 WATER REFILLING STATION,600.0,165137,650021,,2024-05-14,TUBIG 19 WATER REFILLING STATION,Cash,Cash and cash equivalents:Cash on Hand:Cash on Hand - Naga,00564,,,165137.0,,,600.0,600.0,1836,,PHP,
1,Reference No,1837,AMHIA SERIES NOVALICHES,600.0,372784.0,2024-05-24,1837,MILAOR WATER CORPORATION- DEL ROSARIO,350.0,165138,650022,,2024-05-14,MILAOR WATER CORPORATION- DEL ROSARIO,Cash,Cash and cash equivalents:Cash on Hand:Cash on Hand - Naga,00566,,,165138.0,,,350.0,350.0,1837,,PHP,
1,Reference No,1840,MINDANAO FOOD CORPORATION,700.0,373807.0,2024-05-24,1840,AQUEOUS CRYSTAL WATER STATION,600.0,165140,650023,,2024-05-14,AQUEOUS CRYSTAL WATER STATION,Cash,Cash and cash equivalents:Cash on Hand:Cash on Hand - Naga,00568,,,165140.0,,,600.0,600.0,1840,,PHP,
1,Reference No,1841,CTJ ASIA CORP,700.0,374195.0,2024-05-24,1841,BETA WATERS- GV3,600.0,165142,650024,,2024-05-14,BETA WATERS- GV3,Cash,Cash and cash equivalents:Cash on Hand:Cash on Hand - Naga,00570,,,165142.0,,,600.0,600.0,1841,,PHP,
1,Reference No,1843,MAX'S KITCHEN INC,1400.0,373788.0,2024-05-24,1843,AKI'S HYDRO WATER REFILLING STATION,600.0,165143,650025,,2024-05-14,AKI'S HYDRO WATER REFILLING STATION,Cash,Cash and cash equivalents:Cash on Hand:Cash on Hand - Naga,00571,,,165143.0,,,600.0,600.0,1843,,PHP,
1,Reference No,1844,SHAKEY'S PIZZA,1400.0,373790.0,2024-05-24,1844,FOREST SPRING WATER REFILLING STATION,600.0,165144,650026,,2024-05-14,FOREST SPRING WATER REFILLING STATION,Cash,Cash and cash equivalents:Cash on Hand:Cash on Hand - Naga,00572,,,165144.0,,,600.0,600.0,1844,,PHP,
1,Reference No,1846,CLASSIC SAVORY,1400.0,373789.0,2024-05-24,1846,PRINCESS & ARA WATER REFILLING STATION,600.0,165146,650027,,2024-05-14,PRINCESS & ARA WATER REFILLING STATION,Cash,Cash and cash equivalents:Cash on Hand:Cash on Hand - Naga,00574,,,165146.0,,,600.0,600.0,1846,,PHP,
1,Reference No,1853,PINEHURST MEDICAL SERVICES INC,7350.0,357595.0,2024-05-02,1853,TANCHULING GENERAL HOSPITAL DIALYSIS CENTER,1800.0,165153,650029,,2024-05-14,TANCHULING GENERAL HOSPITAL DIALYSIS CENTER,Cash,Cash and cash equivalents:Cash on Hand:Cash on Hand - Naga,00581,,,165153.0,,,1800.0,1800.0,1853,,PHP,
1,Reference No,1854,UNIVERSITY OF STO TOMAS HOSPITAL,3500.0,366047.0,2024-05-02,1854,DR. AMADO D. COPE DIALYSIS CENTER,1800.0,165154,650030,,2024-05-14,DR. AMADO D. COPE DIALYSIS CENTER,Cash,Cash and cash equivalents:Cash on Hand:Cash on Hand - Naga,00582,,,165154.0,,,1800.0,1800.0,1854,,PHP,
1,Reference No,1797,THE RED CRAB,350.0,373874.0,2024-05-21,1797,WATER FOR LESS (CANAMAN),350.0,165513,650031,,2024-05-14,WATER FOR LESS (CANAMAN),Cash,Cash and cash equivalents:Cash on Hand:Cash on Hand - Naga,00025,,,165513.0,,,350.0,350.0,1797,,PHP,
1,Reference No,1780,LA CREPERIE,700.0,372629.0,2024-05-21,1780,CLEARTHIRST WATER REFILLING STATION,600.0,166058,650036,,2024-05-14,CLEARTHIRST WATER REFILLING STATION,Cash,Cash and cash equivalents:Cash on Hand:Cash on Hand - Naga,00565,,,166058.0,,,600.0,600.0,1780,,PHP,
1,Reference No,1770,SBARRO,700.0,372621.0,2024-05-21,1770,J & J WATER REFILLING STATION (NAGA),600.0,165121,650041,,2024-05-14,J & J WATER REFILLING STATION (NAGA),Cash,Cash and cash equivalents:Cash on Hand:Cash on Hand - Naga,00548,,,165121.0,,,600.0,600.0,1770,,PHP,
1,Reference No,1772,SIZZLING FOOD INC,350.0,372614.0,2024-05-21,1772,CARAMDAN WRS I,1200.0,165123,650045,,2024-05-14,CARAMDAN WRS I,Cash,Cash and cash equivalents:Cash on Hand:Cash on Hand - Naga,00550,,,165123.0,,,1200.0,1200.0,1772,,PHP,
1,Reference No,1838,AMAIA,600.0,372783.0,2024-05-24,1838,MILAOR WATER CORPORATION- BORONGBORONGAN,350.0,165139,650048,,2024-05-14,MILAOR WATER CORPORATION- BORONGBORONGAN,Cash,Cash and cash equivalents:Cash on Hand:Cash on Hand - Naga,00567,,,165139.0,,,350.0,350.0,1838,,PHP,
1,Reference No,1845,BON CHON CHICKEN,700.0,373792.0,2024-05-24,1845,MOM & POPS WATER REFILLING STATION,600.0,165145,650049,,2024-05-14,MOM & POPS WATER REFILLING STATION,Cash,Cash and cash equivalents:Cash on Hand:Cash on Hand - Naga,00573,,,165145.0,,,600.0,600.0,1845,,PHP,
1,Reference No,1847,MANG INASAL,1400.0,373791.0,2024-05-24,1847,WATER MARKET WRS/PROLIFER MARKETING,600.0,165147,650053,,2024-05-14,WATER MARKET WRS/PROLIFER MARKETING,Cash,Cash and cash equivalents:Cash on Hand:Cash on Hand - Naga,00575,,,165147.0,,,600.0,600.0,1847,,PHP,
1,Reference No,1848,IENA ROSA FOOD CORP,700.0,373793.0,2024-05-24,1848,PRECIOUS & MAIKE WATER REFILLING STATION,600.0,165148,650062,,2024-05-14,PRECIOUS & MAIKE WATER REFILLING STATION,Cash,Cash and cash equivalents:Cash on Hand:Cash on Hand - Naga,00576,,,165148.0,,,600.0,600.0,1848,,PHP,
1,Reference No,1849,KFC FOOD CORP,2800.0,373787.0,2024-05-24,1849,GOOD SAMARITAN WATER REFILLING STATION,600.0,165149,650066,,2024-05-14,GOOD SAMARITAN WATER REFILLING STATION,Cash,Cash and cash equivalents:Cash on Hand:Cash on Hand - Naga,00577,,,165149.0,,,600.0,600.0,1849,,PHP,
1,Reference No,1850,GOLDILOCKS BAKESHOP INC,600.0,373795.0,2024-05-24,1850,WAVE WATER REFILLING STATION,600.0,165150,650069,,2024-05-14,WAVE WATER REFILLING STATION,Cash,Cash and cash equivalents:Cash on Hand:Cash on Hand - Naga,00578,,,165150.0,,,600.0,600.0,1850,,PHP,
1,Reference No,1771,THE PEPASOLA FOOD OPC,350.0,372645.0,2024-05-21,1771,AQUABOY WRS,600.0,297965,650071,,2024-05-14,AQUABOY WRS,Cash,Cash and cash equivalents:Cash on Hand:Cash on Hand - Naga,549,,,297965.0,,,600.0,600.0,1771,,PHP,
1,Reference No,1773,DAVAO TUNA GRILL,350.0,372618.0,2024-05-21,1773,CITY WRS,600.0,564440,650072,,2024-05-14,CITY WRS,Cash,Cash and cash equivalents:Cash on Hand:Cash on Hand - Naga,NAG-001,,,564440.0,,,600.0,600.0,1773,,PHP,
1,Reference No,1796,PROTOS CYMA GREEK TAVERNA CORPORATION,700.0,372639.0,2024-05-21,1796,ALKALINE PURE CLEAN WRS,350.0,647580,650073,,2024-05-14,ALKALINE PURE CLEAN WRS,Cash,Cash and cash equivalents:Cash on Hand:Cash on Hand - Naga,NAG-23,,,647580.0,,,350.0,350.0,1796,,PHP,
1,Reference No,1857,ST JANUARIUS RENAL HEALTH CARE,3000.0,,2024-05-06,1857,AQUA PLANET,350.0,165155,650074,,2024-05-20,AQUA PLANET,Cash,Cash and cash equivalents:Cash on Hand:Cash on Hand - Naga,00583,,,165155.0,,,350.0,350.0,1857,,PHP,
1,Reference No,1875,ST ALOYSIUS DIALYSIS CENTER,9000.0,374058.0,2024-05-21,1875,ANNYEOUNG WATER REFILLING STATION,600.0,165174,650075,,2024-05-20,ANNYEOUNG WATER REFILLING STATION,Cash,Cash and cash equivalents:Cash on Hand:Cash on Hand - Naga,00602,,,165174.0,,,600.0,600.0,1875,,PHP,
1,Reference No,1858,ADVENTIST MEDICAL CENTER MANILA,1500.0,370181.0,2024-05-06,1858,NIKNOK FARM,600.0,165156,650091,,2024-05-20,NIKNOK FARM,Cash,Cash and cash equivalents:Cash on Hand:Cash on Hand - Naga,00584,,,165156.0,,,600.0,600.0,1858,,PHP,
1,Reference No,1860,ELITE DIALYSIS,1500.0,370079.0,2024-05-08,1860,HEARTS WATER REFILLING STATION,600.0,165158,650093,,2024-05-20,HEARTS WATER REFILLING STATION,Cash,Cash and cash equivalents:Cash on Hand:Cash on Hand - Naga,00586,,,165158.0,,,600.0,600.0,1860,,PHP,
1,Reference No,1861,CARDINAL SANTOS MEDICAL CENTER,7500.0,373566.0,2024-05-08,1861,AQUA STRANA CHERON WATER REFILLING STATION,600.0,165160,650095,,2024-05-20,AQUA STRANA CHERON WATER REFILLING STATION,Cash,Cash and cash equivalents:Cash on Hand:Cash on Hand - Naga,00588,,,165160.0,,,600.0,600.0,1861,,PHP,
1,Reference No,1863,LG HEALTHCARE,1470.0,370162.0,2024-05-10,1863,INFELIS WATER STATION,600.0,165161,650098,,2024-05-20,INFELIS WATER STATION,Cash,Cash and cash equivalents:Cash on Hand:Cash on Hand - Naga,00589,,,165161.0,,,600.0,600.0,1863,,PHP,
1,Reference No,1868,MULTISPECIALTY VENTURE OF TARLAC,1500.0,370354.0,2024-05-16,1868,JADEGLYN WATER REFILLING STATION,600.0,165163,650100,,2024-05-20,JADEGLYN WATER REFILLING STATION,Cash,Cash and cash equivalents:Cash on Hand:Cash on Hand - Naga,00591,,,165163.0,,,600.0,600.0,1868,,PHP,
1,Reference No,1869,GC HEMODYNAMIX INX,1800.0,370356.0,2024-05-16,1869,MALANYAON WATER REFILLING STATION,600.0,165164,650101,,2024-05-20,MALANYAON WATER REFILLING STATION,Cash,Cash and cash equivalents:Cash on Hand:Cash on Hand - Naga,00592,,,165164.0,,,600.0,600.0,1869,,PHP,
1,Reference No,1864,DIALYMED RENAL CARE CENTER INC.,1500.0,366021.0,2024-05-10,1864,GRAINSMART AQUA REFILLING STATION,600.0,165167,650104,,2024-05-20,GRAINSMART AQUA REFILLING STATION,Cash,Cash and cash equivalents:Cash on Hand:Cash on Hand - Naga,00595,,,165167.0,,,600.0,600.0,1864,,PHP,
1,Reference No,1865,CITY GOVERNMENT OF MEYCAUAYAN,37000.0,,2024-05-14,1865,AQUA SERV WATER REFILLING STATION (NAGA),600.0,165168,650105,,2024-05-20,AQUA SERV WATER REFILLING STATION (NAGA),Cash,Cash and cash equivalents:Cash on Hand:Cash on Hand - Naga,00596,,,165168.0,,,600.0,600.0,1865,,PHP,
1,Reference No,1873,BULACAN MEDICAL CENTER,21000.0,370334.0,2024-05-21,1873,KUYA JIMZON WATER REFILLING STATION,600.0,165172,650107,,2024-05-20,KUYA JIMZON WATER REFILLING STATION,Cash,Cash and cash equivalents:Cash on Hand:Cash on Hand - Naga,00600,,,165172.0,,,600.0,600.0,1873,,PHP,
1,Reference No,1866,GERONA DIALYSIS OF THE SACRED HEART CORP,4500.0,,2024-05-16,1866,OPTIMIST WATER REFILLING STATION,600.0,165173,650108,,2024-05-20,OPTIMIST WATER REFILLING STATION,Cash,Cash and cash equivalents:Cash on Hand:Cash on Hand - Naga,00601,,,165173.0,,,600.0,600.0,1866,,PHP,
1,Reference No,1876,GENERIC SAVES DRUGSTORE,700.0,374125.0,2024-05-23,1876,AQUATOUCH WATER REFILLING STATION,600.0,165175,650109,,2024-05-20,AQUATOUCH WATER REFILLING STATION,Cash,Cash and cash equivalents:Cash on Hand:Cash on Hand - Naga,00603,,,165175.0,,,600.0,600.0,1876,,PHP,
1,Reference No,1878,DIALYCARE HEMODIALYSIS CENTER,1500.0,370148.0,2024-05-23,1878,PAPA TUBIG WATER REFILLING STATION,600.0,165177,650110,,2024-05-20,PAPA TUBIG WATER REFILLING STATION,Cash,Cash and cash equivalents:Cash on Hand:Cash on Hand - Naga,00605,,,165177.0,,,600.0,600.0,1878,,PHP,
1,Reference No,1879,AJ8 OFFICE SUPPLY AND EQUIPMENT TRAD,10500.0,374269.0,2024-05-23,1879,SUMMIT HOTEL (CAFÉ),600.0,165178,650111,,2024-05-20,SUMMIT HOTEL (CAFÉ),Cash,Cash and cash equivalents:Cash on Hand:Cash on Hand - Naga,00606,,,165178.0,,,600.0,600.0,1879,,PHP,
1,Reference No,1903,OSPITAL NG PARAÑAQUE,2500.0,366040.0,2024-05-07,1903,J/C WATER REFILLING STATION,600.0,165202,650115,,2024-05-21,J/C WATER REFILLING STATION,Cash,Cash and cash equivalents:Cash on Hand:Cash on Hand - Naga,00630,,,165202.0,,,600.0,600.0,1903,,PHP,
1,Reference No,1905,CAVITE EAST ASIA MEDICAL CENTER INC,1500.0,373906.0,2024-05-13,1905,BOYD'S MAGIC WELL WATER REFILLING STATION,600.0,165204,650116,,2024-05-21,BOYD'S MAGIC WELL WATER REFILLING STATION,Cash,Cash and cash equivalents:Cash on Hand:Cash on Hand - Naga,00632,,,165204.0,,,600.0,600.0,1905,,PHP,
1,Reference No,1906,SOUTH IMUS SPECIALIST HOSPITAL,2000.0,370200.0,2024-05-13,1906,ROJIM FOOD INCORPORATED (MCDONALD'S ALMEDA),600.0,165205,650117,,2024-05-21,ROJIM FOOD INCORPORATED (MCDONALD'S ALMEDA),Cash,Cash and cash equivalents:Cash on Hand:Cash on Hand - Naga,00633,,,165205.0,,,600.0,600.0,1906,,PHP,
1,Reference No,1907,SOUTH IMUS SPECIALIST HOSPITAL,2000.0,366061.0,2024-05-13,1907,JIGGY'S PURIFIED WATER STATION,600.0,165206,650119,,2024-05-21,JIGGY'S PURIFIED WATER STATION,Cash,Cash and cash equivalents:Cash on Hand:Cash on Hand - Naga,00634,,,165206.0,,,600.0,600.0,1907,,PHP,
1,Reference No,1908,SOUTH IMUS SPECIALIST HOSPITAL,9000.0,366062.0,2024-05-13,1908,AGUA PEÑAFRANCIA WATER REFILLING STATION,600.0,165207,650120,,2024-05-21,AGUA PEÑAFRANCIA WATER REFILLING STATION,Cash,Cash and cash equivalents:Cash on Hand:Cash on Hand - Naga,00635,,,165207.0,,,600.0,600.0,1908,,PHP,
1,Reference No,1909,SOUTH IMUS SPECIALIST HOSPITAL,5000.0,369753.0,2024-05-13,1909,MOUNTAIN BLISS WATER REFILLING STATION,600.0,165208,650123,,2024-05-21,MOUNTAIN BLISS WATER REFILLING STATION,Cash,Cash and cash equivalents:Cash on Hand:Cash on Hand - Naga,00636,,,165208.0,,,600.0,600.0,1909,,PHP,
1,Reference No,1911,JCM SUMMIT HEALTH INC,14500.0,,2024-05-21,1911,LIZA BARCELA WATER REFILLING STATION,600.0,165210,650160,,2024-05-21,LIZA BARCELA WATER REFILLING STATION,Cash,Cash and cash equivalents:Cash on Hand:Cash on Hand - Naga,00638,,,165210.0,,,600.0,600.0,1911,,PHP,
1,Reference No,1874,ACE MEDICAL CENTER,2000.0,370336.0,2024-05-21,1874,YUMMHAY PURIFIED WATER REFILLING STATION,600.0,165239,650209,,2024-05-28,YUMMHAY PURIFIED WATER REFILLING STATION,Cash,Cash and cash equivalents:Cash on Hand:Cash on Hand - Naga,00668,,,165239.0,,,600.0,600.0,1874,,PHP,
1,Reference No,1955,AQUA LEONOR WS,500.0,373646.0,2024-05-07,1955,G3 WATER REFILLING STATION,600.0,165254,650249,,2024-05-28,G3 WATER REFILLING STATION,Cash,Cash and cash equivalents:Cash on Hand:Cash on Hand - Naga,00682,,,165254.0,,,600.0,600.0,1955,,PHP,
1,Reference No,1956,ZEN WATER,500.0,373657.0,2024-05-07,1956,WATER 7 WATER REFILLING STATION,600.0,165255,650251,,2024-05-28,WATER 7 WATER REFILLING STATION,Cash,Cash and cash equivalents:Cash on Hand:Cash on Hand - Naga,00683,,,165255.0,,,600.0,600.0,1956,,PHP,
1,Reference No,1957,LNS WRS,500.0,373669.0,2024-05-07,1957,NONGSKI WATER REFILLING STATION,600.0,165256,650253,,2024-05-28,NONGSKI WATER REFILLING STATION,,Cash and cash equivalents:Cash on Hand:Cash on Hand - Naga,00684,,,165256.0,,,600.0,600.0,1957,,PHP,
1,Reference No,1958,"EOUDURIE WATER SYSTEM, INN",1000.0,373671.0,2024-05-07,1958,JNCL WATER REFILLING STATION,600.0,165257,650255,,2024-05-28,JNCL WATER REFILLING STATION,Cash,Cash and cash equivalents:Cash on Hand:Cash on Hand - Naga,00685,,,165257.0,,,600.0,600.0,1958,,PHP,
1,Reference No,1980,MANILA MED MEDICAL CENTER MANILA,3000.0,370192.0,2024-05-30,1980,AQUA EYES WATER REFILLING STATION,600.0,165258,650256,,2024-05-28,AQUA EYES WATER REFILLING STATION,Cash,Cash and cash equivalents:Cash on Hand:Cash on Hand - Naga,00686,,,165258.0,,,600.0,600.0,1980,,PHP,
1,Reference No,1959,CHERRY'S WRS,500.0,373653.0,2024-05-07,1959,RJ AQUABOOST WATER REFILLING STATION,600.0,165259,650259,,2024-05-28,RJ AQUABOOST WATER REFILLING STATION,Cash,Cash and cash equivalents:Cash on Hand:Cash on Hand - Naga,00687,,,165259.0,,,600.0,600.0,1959,,PHP,
1,Reference No,1960,AQUA SAILOR WRS,500.0,373632.0,2024-05-07,1960,RALPH'S WATER REFILLING STATION,600.0,165260,650261,,2024-05-28,RALPH'S WATER REFILLING STATION,Cash,Cash and cash equivalents:Cash on Hand:Cash on Hand - Naga,00688,,,165260.0,,,600.0,600.0,1960,,PHP,
1,Reference No,1961,NOVELO WRS,500.0,373631.0,2024-05-07,1961,RODNAC WATER REFILLING STATION,600.0,165261,650262,,2024-05-28,RODNAC WATER REFILLING STATION,Cash,Cash and cash equivalents:Cash on Hand:Cash on Hand - Naga,00689,,,165261.0,,,600.0,600.0,1961,,PHP,
1,Reference No,1962,LOLO CLAROIS RESTAURANT,500.0,373654.0,2024-05-07,1962,WATERMARKET REFILLING STATION (MILAOR),600.0,165262,650264,,2024-05-28,WATERMARKET REFILLING STATION (MILAOR),Cash,Cash and cash equivalents:Cash on Hand:Cash on Hand - Naga,00690,,,165262.0,,,600.0,600.0,1962,,PHP,
1,Reference No,1963,JOSNER WRS,500.0,373633.0,2024-05-07,1963,HERMS WATER REFILLING STATION,600.0,165263,650265,,2024-05-28,HERMS WATER REFILLING STATION,Cash,Cash and cash equivalents:Cash on Hand:Cash on Hand - Naga,00691,,,165263.0,,,600.0,600.0,1963,,PHP,
1,Reference No,1965,MICRO HOMES MANAGEMENT CORP,1500.0,373673.0,2024-05-07,1965,CAMELLA MALUNGAY PANDESAL,350.0,165265,650266,,2024-05-28,CAMELLA MALUNGAY PANDESAL,Cash,Cash and cash equivalents:Cash on Hand:Cash on Hand - Naga,00693,,,165265.0,,,350.0,350.0,1965,,PHP,
1,Reference No,1966,ATANGAN PURIFIED & ALKALINE WRS,500.0,373665.0,2024-05-07,1966,MARIPOSA FOOD FACTORY,350.0,165266,650268,,2024-05-28,MARIPOSA FOOD FACTORY,Cash,Cash and cash equivalents:Cash on Hand:Cash on Hand - Naga,00694,,,165266.0,,,350.0,350.0,1966,,PHP,
1,Reference No,1968,QUITOLIO WRS,500.0,373666.0,2024-05-07,1968,DINA E. DELOS SANTOS,350.0,165267,650269,,2024-05-28,DINA E. DELOS SANTOS,,Cash and cash equivalents:Cash on Hand:Cash on Hand - Naga,00695,,,165267.0,,,350.0,350.0,1968,,PHP,
1,Reference No,1969,LAMKAFA WS,500.0,373648.0,2024-05-07,1969,PAMPLONA NATIONAL HIGH SCHOOL,350.0,165268,650270,,2024-05-28,PAMPLONA NATIONAL HIGH SCHOOL,Cash,Cash and cash equivalents:Cash on Hand:Cash on Hand - Naga,00696,,,165268.0,,,350.0,350.0,1969,,PHP,
1,Reference No,1970,NAIC WATER SUPPLY CORP,24000.0,,2024-05-07,1970,BONG WATER REFILLING STATION,600.0,165269,650272,,2024-05-28,BONG WATER REFILLING STATION,Cash,Cash and cash equivalents:Cash on Hand:Cash on Hand - Naga,00697,,,165269.0,,,600.0,600.0,1970,,PHP,
1,Reference No,1971,NAIC WATER SUPPLY CORP,25000.0,355928.0,2024-05-07,1971,JSA WATER REFILLING STATION,600.0,165270,650273,,2024-05-28,JSA WATER REFILLING STATION,Cash,Cash and cash equivalents:Cash on Hand:Cash on Hand - Naga,00698,,,165270.0,,,600.0,600.0,1971,,PHP,
1,Reference No,1972,NAIC WATER SUPPLY CORP,32000.0,367232.0,2024-05-07,1972,N. P. FRANCISCO PURIFIED DRINKING WATER,600.0,165271,650274,,2024-05-28,N. P. FRANCISCO PURIFIED DRINKING WATER,Cash,Cash and cash equivalents:Cash on Hand:Cash on Hand - Naga,00699,,,165271.0,,,600.0,600.0,1972,,PHP,
1,Reference No,1973,"RH MANALO RESOURCES, INC.",500.0,373641.0,2024-05-07,1973,A. S. PEDIDO WATER REFILLING STATION,600.0,165272,650275,,2024-05-28,A. S. PEDIDO WATER REFILLING STATION,Cash,Cash and cash equivalents:Cash on Hand:Cash on Hand - Naga,00700,,,165272.0,,,600.0,600.0,1973,,PHP,
1,Reference No,1974,MHILHAN AQUEOUS WRS,500.0,373231.0,2024-05-21,1974,AMBER'S PURIFIED DRINKING WATER STATION,600.0,165273,650408,,2024-05-28,AMBER'S PURIFIED DRINKING WATER STATION,Cash,Cash and cash equivalents:Cash on Hand:Cash on Hand - Naga,00701,,,165273.0,,,600.0,600.0,1974,,PHP,
1,Reference No,1975,BJ WRS,500.0,373235.0,2024-05-21,1975,BLUECHELLE WATER REFILLING STATION,600.0,165274,650410,,2024-05-28,BLUECHELLE WATER REFILLING STATION,Cash,Cash and cash equivalents:Cash on Hand:Cash on Hand - Naga,00702,,,165274.0,,,600.0,600.0,1975,,PHP,
1,Reference No,1978,FE DEL MUNDO MEDICAL CENTER,7366.07,366043.0,2024-05-30,1978,AGUA SEGURA WATER REFILLING STATION,600.0,165277,650414,,2024-05-28,AGUA SEGURA WATER REFILLING STATION,Cash,Cash and cash equivalents:Cash on Hand:Cash on Hand - Naga,00705,,,165277.0,,,600.0,600.0,1978,,PHP,
1,Reference No,1977,S & R EVO KAWIT CLUB,1100.0,373236.0,2024-05-21,1977,AQUA AZURE WATER REFILLING STATION,600.0,165276,650420,,2024-05-28,AQUA AZURE WATER REFILLING STATION,Cash,Cash and cash equivalents:Cash on Hand:Cash on Hand - Naga,00704,,,165276.0,,,600.0,600.0,1977,,PHP,
1,Reference No,1976,JOLLIBEE FOOD CORP,1800.0,373214.0,2024-05-21,1976,CREEKSIDE WATER REFILLING STATION,600.0,165275,650424,,2024-05-28,CREEKSIDE WATER REFILLING STATION,Cash,Cash and cash equivalents:Cash on Hand:Cash on Hand - Naga,00703,,,165275.0,,,600.0,600.0,1976,,PHP,
1,Reference No,726000,SIBS COFFEE SHOP,4700.0,372178.0,2024-05-07,726000,SIBS COFFEE SHOP,4700.0,316238,758105,,2024-05-07,SIBS COFFEE SHOP,Cash,Cash and cash equivalents:Cash on Hand:Cash on Hand - Main,372178,,,316238.0,,,1000.0,4700.0,726000,,PHP,
1,Reference No,730499,NANO'S BAKERY,4700.0,372175.0,2024-05-07,730499,NANO'S BAKERY,4700.0,316225,758108,,2024-05-07,NANO'S BAKERY,Cash,Cash and cash equivalents:Cash on Hand:Cash on Hand - Main,372175,,,316225.0,,,1000.0,4700.0,730499,,PHP,
1,Reference No,730498,WARF MAMOR,4700.0,371900.0,2024-05-07,730498,WARF MAMOR,4700.0,316078,758107,,2024-05-07,WARF MAMOR,Cash,Cash and cash equivalents:Cash on Hand:Cash on Hand - Main,371900,,,316078.0,,,4700.0,4700.0,730498,,PHP,
1,Reference No,726950,LYN'S SNAK & RESTAURANT,4700.0,372177.0,2024-05-07,726950,LYN'S SNAK & RESTAURANT,4700.0,316237,758106,,2024-05-07,LYN'S SNAK & RESTAURANT,Cash,Cash and cash equivalents:Cash on Hand:Cash on Hand - Main,372177,,,316237.0,,,1000.0,4700.0,726950,,PHP,
1,Reference No,730500,LATER COFFEE,4700.0,372176.0,2024-05-07,730500,LATER COFFEE,4700.0,316226,758109,,2024-05-07,LATER COFFEE,Cash,Cash and cash equivalents:Cash on Hand:Cash on Hand - Main,372176,,,316226.0,,,1000.0,4700.0,730500,,PHP,
1,Reference No,731158,NAIC DIALYSIS CENTER INC,1500.0,373618.0,2024-05-08,731158,NAIC DIALYSIS CENTER INC RAW,1500.0,302120,758110,,2024-05-08,NAIC DIALYSIS CENTER INC RAW,,Cash and cash equivalents:Cash on Hand:Cash on Hand - Main,373618,,,302120.0,,,1500.0,1500.0,731158,,PHP,
1,Reference No,731159,NAIC DOCTOR'S HOSPITAL,1000.0,373630.0,2024-05-08,731159,NAIC DOCTORS HOSPITAL DEEPWELL CANTEEN,1000.0,302138,758111,,2024-05-08,NAIC DOCTORS HOSPITAL DEEPWELL CANTEEN,,Cash and cash equivalents:Cash on Hand:Cash on Hand - Main,373630,,,302138.0,,,1000.0,1000.0,731159,,PHP,
1,Reference No,731160,JOLLIBEE FOODS CORP,2400.0,373619.0,2024-05-08,731160,JOLLIBEE FOODS CORP-NAIC ICE,2400.0,302121,758112,,2024-05-08,JOLLIBEE FOODS CORP-NAIC ICE,,Cash and cash equivalents:Cash on Hand:Cash on Hand - Main,373619,,,302121.0,,,2400.0,2400.0,731160,,PHP,
1,Reference No,731161,SHAKEY'S PIZZA,1000.0,373628.0,2024-05-08,731161,SHAKEY'S PIZZA DEEPWELL,1000.0,302135,758113,,2024-05-08,SHAKEY'S PIZZA DEEPWELL,,Cash and cash equivalents:Cash on Hand:Cash on Hand - Main,373628,,,302135.0,,,1000.0,1000.0,731161,,PHP,
2,Customer+Total,2125,LIVING WATER,500.0,372895.0,2024-05-28,32400,LIVING WATER,500.0,150415,150495,,2024-05-13,LIVING WATER,Cash,Cash and cash equivalents:Cash In bank:CIB BDO CEBU 1472,36558,,,150415.0,,,500.0,500.0,32400,,PHP,
2,Customer+Total,3934,WATER MARKET,500.0,373217.0,2024-05-21,32585,WATER MARKET,500.0,151033,151142,,2024-05-16,WATER MARKET,Cash,Cash and cash equivalents:Cash In bank:CIB BDO CEBU 1472,36777,,,151033.0,,,500.0,500.0,32585,,PHP,
2,Customer+Total,3166,AQUA SERV,500.0,372828.0,2024-05-15,32671,AQUA SERV,500.0,153580,153655,,2024-05-24,AQUA SERV,Cash,Cash and cash equivalents:Cash In bank:CIB BDO CEBU 1472,37191,,,153580.0,,,500.0,500.0,32671,,PHP,
2,Customer+Total,2273,TURK'S SHAWARMA,600.0,372073.0,2024-05-23,106746,TURK'S SHAWARMA,600.0,167194,171446,,2024-05-17,TURK'S SHAWARMA,Cash,Cash and cash equivalents:Cash In bank:CIB BDO TAGUIG 4888,73562,,,167194.0,,,600.0,600.0,106746,,PHP,
2,Customer+Total,4026,DOMINO'S PIZZA,900.0,373161.0,2024-05-23,107055,DOMINO'S PIZZA,900.0,167829,171503,,2024-05-10,DOMINO'S PIZZA,Cash,Cash and cash equivalents:Cash In bank:CIB BDO TAGUIG 4888,74299,,,167829.0,,,500.0,900.0,107055,,PHP,
2,Customer+Total,3157,THE CELANDINE CONDOMINIUM CORPORATION,700.0,372320.0,2024-05-10,PR# 3157,THE CELANDINE CONDOMINIUM CORPORATION,700.0,,254642,,2024-05-10,The Celandine Condominium Corporation,Cash,Cash and cash equivalents:Cash on Hand:Cash on Hand - Main,,,,,,,700.0,700.0,PR# 3157,,PHP,
2,Customer+Total,2902,ROYAL CARGO INC,1700.0,372997.0,2024-05-10,PR# 2902,ROYAL CARGO INC,1700.0,,254755,,2024-05-10,ROYAL CARGO INC,Cash,Cash and cash equivalents:Cash on Hand:Cash on Hand - Main,,,,,,,1700.0,1700.0,PR# 2902,May 2024,PHP,
2,Customer+Total,,MOISES PASIG COP,150.0,,2024-05-31,,MOISES PASIG COP,150.0,,335428,,2024-05-31,MOISES PASIG COP,Cash,Cash and cash equivalents:Cash on Hand:Cash on Hand - Main,,,,,,,150.0,150.0,,,PHP,
2,Customer+Total,,MOISES PASIG COP,200.0,,2024-05-30,,MOISES PASIG COP,200.0,,335427,,2024-05-30,MOISES PASIG COP,Cash,Cash and cash equivalents:Cash on Hand:Cash on Hand - Main,,,,,,,200.0,200.0,,,PHP,
2,Customer+Total,2755,JIGOPOLIS FOOD CORP,2100.0,360097.0,2024-05-14,,JIGOPOLIS FOOD CORP,2100.0,304707,388042,,2024-05-16,JIGOPOLIS FOOD CORP,,Cash and cash equivalents:Cash In bank:CIB BPI 1105,360097,,,304707.0,,,2100.0,2100.0,,,PHP,
2,Customer+Total,4070,REGALADO KIDNEY CARE CENTER INC,8000.0,370122.0,2024-05-28,,REGALADO KIDNEY CARE CENTER INC,8000.0,318202,401158,,2024-05-06,REGALADO KIDNEY CARE CENTER INC,,Cash and cash equivalents:Cash on Hand,370122,,,318202.0,,,8000.0,8000.0,,,PHP,
2,Customer+Total,1553,AQUAPIK,1200.0,369519.0,2024-05-03,PR# 1553,AQUAPIK,1200.0,,415159,,2024-05-03,AQUAPIK,ONLINE BANKING,Cash and cash equivalents:Cash on Hand:Cash on Hand - Main,,,,,,,1200.0,1200.0,PR# 1553,,PHP,
2,Customer+Total,1496,DEI PLAN SALES CORPORATION,350.0,373838.0,2024-05-20,1482,DEI PLAN SALES CORPORATION,350.0,,511301,,2024-05-16,DEI PLAN SALES CORPORATION,Cash,Cash and cash equivalents:Cash on Hand:Cash on Hand - Main,,,,,,,350.0,350.0,1482,,PHP,
